-568870
392763
211248
-51116
-30030
87525
21505
796918
255519
-881907
977182
67502
955276
572292
-835524
-321968
688456
-423830
268743
572209
-758600
-672137
357226
-537087
-588757
-484759
-853970
-692542
-82613
298246
-643270
-489244
-527570
-708915
748217
-822273
835212
-291907
490713
-218836
362379
-831935
-700177
-587263
593975
-299466
-997193
16935
470157
748443
-372807
524440
-794442
764756
-22840
-435590
725713
204059
-971739
-373997
-974103
722819
-672448
426601
809094
650794
992798
329719
183775
-330501
-317610
-32499
641453
-89571
427573
273733
-919014
-417540
90625
-887907
218200
-187406
-338597
-742858
-662193
-87407
-285891
536744
-499602
-225521
-476253
877696
-170077
-486705
-13241
-75177
48229
643976
-54524
173328
-970130
501140
77532
10029
-65017
141911
162709
-136754
545275
552522
-257154
-691896
-792403
-675549
-705969
-487330
308806
-442205
930606
-244321
330246
111228
234958
-864677
222652
42332
582322
617923
-523567
-250598
142352
198172
-773762
167932
446672
459168
890525
-526558
136627
56433
-998627
-964973
-343279
-987077
-650096
-535197
46778
-522907
-283553
-544259
901630
178035
5021
-459245
945481
290299
772600
341151
-437658
629441
942284
734996
992740
730610
-981935
28070
539030
945529
-440971
186291
-233676
434434
28741
-528692
-192994
-208119
-769788
896996
660929
-674658
-225954
253589
-231790
242999
126774
523785
-795464
-418255
-81508
920331
563398
-87707
-804134
887978
601766
-430621
-953811
-520057
539793
263374
-983791
676668
680378
927188
-598731
662377
-389878
-174009
-815346
226780
-409850
-326307
900488
-118052
482894
-717695
-25641
643731
997183
-469677
-178325
524181
-428489
187843
812673
561553
-696584
-600507
345174
595987
586405
-453583
-479882
-736653
-643734
313659
-238413
-691490
-613447
705290
702386
-448514
656431
-965770
-594912
862921
-314859
-910109
585730
312675
-215807
280245
-604119
789425
-747747
-261905
-196541
-161541
-125185
177131
601358
-423491
856760
277816
241064
-481653
-870935
452107
180099
866206
641294
266340
-99212
-675969
-3490
340159
878186
217806
-882357
-934158
891067
420399
-19548
-555863
896410
902866
969819
465788
226725
674590
297440
-288982
-241381
-522118
814507
-221963
945963
411575
993241
563993
-44953
700189
577134
-333334
-544040
-504431
-214087
858633
-258134
160352
-27435
-160062
30984
-266326
999243
290694
653955
581613
491605
-323200
905387
-454995
-349506
247509
-181312
-108482
-457371
-793219
-294014
560302
-158752
-46407
584741
-930863
975036
-980304
-106143
750953
220771
-374614
-460891
487794
746007
-817944
-659989
-859512
-461158
918813
465959
470518
218224
-771443
-206759
20956
812860
-100671
-847294
-102788
136007
-506268
303923
-707423
331680
330302
-470144
661164
-627235
-798774
-983404
408380
-239105
-53259
866718
-758919
-363148
261366
-968471
160894
-917835
-676412
-998198
992992
327952
-730055
314802
561887
100992
398145
876515
-549079
-282050
886848
201029
325055
762876
278717
-95454
-552908
-169140
-343307
-169923
663347
-321857
-986022
-486167
773968
-258559
933510
884542
-361280
932431
-3663
102688
381208
-972906
2108
-474133
-866387
-760150
-713751
497848
119193
-583905
-67026
157775
916447
556488
-960866
435753
-240346
-575031
984711
693408
-837214
-651941
212379
79541
85904
675100
442054
109438
503391
483985
-59106
-60502
-291348
566201
457721
-539598
-687770
153678
-609640
-963682
489297
-529893
-987136
-729359
937638
827125
-717719
924467
353559
44759
726608
-390503
-861457
-137826
754599
-414254
-935656
-248483
656557
325616
-997194
-524706
-84520
-129935
-642575
569526
-836243
677098
528465
-937852
436530
972367
-705214
-690746
-233284
-797599
-264010
-582953
11234
801204
484713
-204279
869074
-848676
814016
-463397
-955327
762676
-477109
-75177
569150
128970
-323222
-630005
598304
-18326
951819
-780767
166174
-475066
872721
684957
18685
-558529
315088
109875
-709532
-405166
-675275
122051
-249269
-501470
785667
854898
856338
-770658
-155336
-576026
-900818
-62770
-652274
-670435
-433410
-716225
349213
-141589
-648900
-522999
334109
-69106
23310
-52614
569674
764527
-141252
-726175
202848
-912520
-909187
-758664
744518
292492
-705686
-208913
760391
636967
725908
941969
-816389
-809452
12337
757653
-756412
479557
-595343
699012
248564
-474158
-99985
-994111
316044
325649
760514
836282
-503137
-548146
-609484
992170
315350
-991449
-969206
397064
-589044
33543
689026
-834417
-197223
-348355
186715
126443
-409428
-517576
741262
-325507
-44718
917089
945946
733259
-14957
-623467
-744195
348935
661435
-464322
-107202
538682
-37194
-333171
-785497
-432371
-107627
-107179
-508527
-678732
156973
426375
10199
-324872
905822
-983738
734317
999007
-434447
842790
469641
534137
935451
-887162
566399
798922
610078
-136057
-901206
-994609
-304241
166568
-866554
774959
-95310
-733952
354907
60927
-448767
967959
-319212
22578
679372
963040
-593490
405276
861818
-954793
-356916
11809
442221
922035
873319
-424194
520580
-249271
161698
713267
-114630
842109
-47813
329100
114155
207461
556190
-420917
509111
-331268
289428
87028
775423
-668929
-96232
171061
229389
256999
-293814
424431
826192
-440060
-939139
250085
709828
500531
218987
-524288
135024
263484
306056
-971332
863113
376138
-696205
-78413
-616268
434567
541449
-670012
-845719
-807980
-702444
197856
-992141
797218
-921951
147825
-710893
549104
-928529
280550
-686139
-658719
849795
947935
-243558
124409
528345
245618
-578492
302196
108980
11544
512304
-944445
-967529
-492232
-492210
925988
-889268
641613
-708372
909788
-352863
-526026
-98752
872980
-116301
6682
-671612
652749
599778
498549
-702404
138754
-306844
773316
-322797
70361
575349
-756023
301539
5637
-808276
-464901
656212
199483
782953
-800370
606364
102606
463339
376730
-220316
-197399
-900610
-900245
-826933
695017
-129071
-237340
-321533
-18091
-92315
-212464
189849
-563334
850210
551751
569299
-429401
-567420
-925831
-808782
40066
-154638
784282
-913257
531974
-903633
-306518
185730
-414054
646505
-349729
-136971
-281394
-878609
761970
3191
832052
-765184
-211197
420660
116441
-658497
-12886
188226
-157345
111682
-691685
-689794
654264
-149303
980853
532501
-914047
-691445
-739929
342815
-799879
619948
-112129
-37403
-90852
166220
-239791
897859
-629152
-386759
-648000
-349399
633611
482500
-943828
908091
933935
941745
854328
275480
-963261
664904
-251658
404408
-103840
572552
-768462
865391
62485
743291
-404008
-752626
-221337
425253
-597629
959016
-536856
378646
-793950
-859150
465650
-820833
-992183
-969020
-41471
-847071
-714094
884284
278826
-802303
171437
132226
-493636
-167497
89099
-653915
-767118
-290682
-552797
862756
-266415
-702394
190304
-924278
-284508
921949
451623
217392
616082
-726836
-783352
637478
-99879
495077
623104
-937555
450217
174362
-793879
-961445
714399
-993167
-501889
736865
-256164
-632043
-669809
886762
235330
-628602
-81858
-544871
-366517
415343
-284173
31541
698245
978200
-281630
753505
-219474
-963982
685750
-630140
221544
703696
565338
488519
224408
110901
524645
805436
779361
-575672
-559328
-89060
-123080
-244508
678708
15145
801444
394060
417909
754610
-142571
200187
347333
-227531
396382
-879718
614438
31518
588495
-929013
780384
-110418
-491277
389794
-688053
854775
-27165
465012
-960710
182659
360005
166471
951300
-546411
-467099
837929
-161744
743815
985197
383260
969788
-865838
106564
543086
-100726
-723924
673409
-675672
-73752
-192180
-534773
-813796
-657478
-724535
482511
99361
393542
642592
-357092
-869284
