-405220
-952108
-465762
740660
-372064
319536
848373
-453017
27574
59048
213105
307131
-921336
138718
179692
-212404
746486
369856
-759996
952708
-635365
-535858
-656524
-147542
-3719
27257
718159
-44783
-163008
942119
918872
-260752
-986304
-342444
-919744
-958126
-341400
-679214
614397
543268
510202
259248
-559229
858604
464461
518969
170145
-357735
-991938
-627308
228219
-652043
-369996
644105
-674400
496822
662863
-748445
988743
816564
-346067
216944
344363
573622
939480
193445
391680
-522395
119247
904542
18320
795234
500912
-510780
507639
-505485
-771713
-353976
625911
-303656
194069
80203
-375175
-977732
-814425
477152
420769
-485049
-964238
-52823
645004
-112176
-425600
287838
-786263
22832
-830182
-188436
-877263
493874
-436789
-61511
168132
165926
-645748
532230
235554
-884971
552849
-16658
480258
-399218
984623
861579
789266
-44513
709480
491448
713612
-779425
692629
837488
-808334
-317912
-788562
761045
-411546
-395037
-130631
934989
-341848
-755844
382413
-427705
566316
-512268
777026
379676
176471
-515052
835576
939536
-734250
-565697
-11840
-63241
-332773
-478623
-326806
-787724
157045
62724
-414357
498397
965579
655873
987179
-226246
-852363
882771
-178071
-630932
927544
626695
943820
106475
-568357
-969521
-742521
574888
-699798
811703
290599
294801
-254073
185711
-786180
-522317
-813081
555078
-884830
-583303
-170768
-285256
-831445
33298
912238
231198
6250
602353
98284
-371965
529246
-208530
462773
-84329
-502342
486538
519527
-509763
583821
850895
-832208
516159
-434797
106326
-587864
-160479
392215
-757278
900043
-434797
-426493
-860886
-734319
12799
353158
-668876
-84948
201539
174304
587869
468702
-703367
800205
548213
767092
277105
442636
739079
692194
-46784
448650
-588490
-406020
676466
-723920
-910782
587343
-676902
-760762
67882
-390758
-527349
115714
104172
706412
-266529
618801
-899736
-64421
779828
296577
-461341
879838
-313033
-231575
210086
-974648
-55976
-669771
-515898
-12574
314973
822577
120831
-688349
-367982
592753
829242
-728818
-204514
692156
-592466
469160
108530
658323
-795102
967317
-844582
598497
-30768
-522417
579382
-160192
-196890
281601
974530
-116123
-368730
609670
727312
95146
-381779
116985
-423400
799287
401488
158072
-576026
675403
798114
-185990
895857
932140
-751726
-605878
206092
801833
244657
-224352
-376331
138185
-833006
-490790
916747
805010
-49590
716124
-488419
-183433
-944233
828033
-846882
253791
-736611
685628
792436
111694
812363
-834992
166959
-709326
-479267
913960
399063
-653620
72314
-446125
119070
471865
207997
-786656
185396
-101987
982609
610899
818554
100075
-525835
-633855
-611506
-731182
-626785
-949875
484997
649031
115453
-480321
-170634
-37077
563990
236030
322739
-881638
930511
-942550
249043
-17712
612234
-824040
-416917
-408009
-73879
10027
-575461
361361
-293584
-836853
932036
670398
267592
793861
-305193
346795
-93856
108799
339913
712023
476462
265238
130467
135939
131668
-788650
-931403
850550
-861731
-913515
515690
-215318
-213914
272620
654391
530070
107737
-925357
-279251
-966951
350549
760024
-245969
96640
23466
399484
-196419
258868
281216
-52054
738030
335747
-829545
416085
-513540
581513
-775512
-963795
-661255
-18374
-323349
340221
-786784
194255
-739662
935972
273479
-423733
928050
844077
772592
-52823
-599966
982670
51070
-631260
-627075
521210
-422524
507810
-135391
742243
-769991
618430
-307943
742031
-221176
899313
499256
-134186
-392380
776284
-260132
-76682
-859911
-85452
-643310
877842
842461
-740022
270552
321357
126822
847798
761469
-790785
245109
676127
-403803
402067
696240
-975702
-202263
67069
-123667
898557
-310501
565210
-432823
-415249
-984153
-405979
346201
59214
-68332
966803
-66696
269132
-929622
21517
-343744
149382
-211410
-3768
-707948
744626
-126903
-411518
-976935
-560411
326919
-299942
-963260
-303873
80762
573004
-114098
594356
-737793
-465079
295493
332471
470168
998383
56700
-849915
426873
-435222
-274013
-468917
-763874
403558
-815951
-59148
456217
-61008
407549
-472877
-667414
984680
-767892
-255126
155398
-200219
429125
-514091
289146
-93275
172065
-795946
396585
734063
-75650
556542
266673
792584
692850
71156
190188
-263667
535676
424421
67218
-741645
655478
-354552
389756
-805095
692646
-882868
-150269
-750585
678645
-883935
-68857
281798
178103
-735392
-211060
940251
920744
-242216
510718
-879391
-530568
385526
139541
-319166
-439555
932880
-358701
546962
-744056
146894
-804949
634760
242386
934453
805820
999065
222356
98129
135098
915635
147637
108927
578798
-355565
-105058
815316
552404
-786109
-407638
-20690
-91678
529588
-968519
-511275
-190360
-582285
-429213
-407859
311826
-293877
-203062
917562
532747
-190088
-683639
-770832
700988
193731
967241
-698729
629938
120767
-707086
793079
-772194
732382
-36227
134630
-396811
818352
583016
186827
-142024
-637062
863299
828238
-777138
869999
39784
-27874
-51443
-741106
378312
-823458
-164521
431383
-181793
335277
635233
-50261
-62519
482512
-860657
-851969
780527
-913153
110203
-680388
31193
708041
-519915
523255
-295000
-900188
261476
388936
-718949
758549
-371989
-465143
807246
269304
673958
-435539
36484
793197
437683
129466
866713
305119
-828402
-727836
747802
-494414
-595211
517064
819440
431880
419306
-19135
-484297
246448
-702377
-367765
-189780
835885
-248757
-705102
-772923
-980770
-698525
576405
901851
-439602
527556
-958339
-297469
926490
654276
-945996
799482
-508293
615848
-771708
515518
354416
998152
176365
-571079
222345
34639
601089
656792
429393
857951
-686624
-767045
199257
925905
-330420
-2875
107869
307674
-230424
526290
558102
129993
717714
494408
279323
-59476
881369
67527
150773
-267502
541597
146746
-21570
89708
-526014
-455793
802804
527885
-859248
551171
-603169
-124079
558123
22678
839069
-436007
-613974
-184674
546119
161012
-357803
-862856
701378
-821095
805632
128857
135844
-251376
680574
529218
881728
342577
-222780
-691438
-228912
-266171
484764
-526667
573502
-481271
588162
761338
-556145
255440
-515297
800003
-882452
459464
-585889
540885
-23089
-443691
-671823
714128
230982
518425
-627749
547640
-723609
561173
-234121
48945
-481455
897769
-393971
-498102
914010
-651209
246606
577776
115290
-459354
618603
-23293
-85101
511746
113424
435397
-250053
-764671
484481
-457362
736552
164257
-315697
287582
344856
-861396
-448714
-467350
642713
72285
957590
-439465
-624101
321821
431244
140517
-612976
296038
-679379
-663038
-414531
511305
989535
-916448
-764511
597770
-873261
547232
-198530
-253591
633122
483309
676232
-151812
634499
-410074
207913
-218825
847015
764275
-119185
-709106
-785103
402681
-440301
-459087
-808235
861544
778407
653558
678540
702001
-30245
-639915
-873743
-516267
-242069
-992756
748348
-406311
455977
943843
-239144
42710
523810
978570
228642
-681812
492656
-720994
-886208
705111
666780
-986294
-675940
-848166
-596051
-333174
626172
-190633
-140846
23307
-373440
-232128
768679
227503
861879
658728
646439
-169044
-262115
816691
-989137
-540460
877237
-900308
-21333
685167
-907649
-636107
-95009
-301884
-20969
-589415
-671532
736695
376874
-305602
-315427
-261748
549909
-947018
-624316
114505
-656100
-297868
311190
-760006
14915
-501221
-940152
409870
-273332
-605838
-774523
-478433
-993458
-983436
-751275
-825777
-186641
810628
175467
-819314
-541634
-671554
831947
-253065
-244561
280041
926870
-623462
-341452
558472
-328013
-122667
-476812
-909808
247964
954715
-944214
-410061
471874
-862378
-134755
927963
412062
-443223
-254537
-846670
-483242
-467634
-84923
997086
421256
-89249
-887606
279882
-903499
842288
-929280
396064
-222643
-163943
827884
393043
-18861
-751023
-792675
439000
-426196
-103947
-938111
455540
772618
180009
812003
492976
880240
320597
835717
-384790
201697
111889
-167851
27654
751529
-924773
-767920
-792511
-940089
-284923
-588816
492069
-171019
419948
38227
255257
480854
162658
-435350
679056
247995
-303251
-205734
-80926
474898
474665
968178
636343
574956
485128
682697
197279
-850775
271930
727924
-880448
981955
235048
-721694
-607705
-862285
-258407
-873004
-859841
700035
970359
-818949
-818062
-929108
-943185
308477
409149
-734681
-420790
486912
-396272
615035
-978785
454196
-899319
401574
-372582
562391
199141
-651794
477430
979280
657993
724327
-297067
953983
916399
173970
538751
529071
213611
560544
-993799
-944728
548057
600916
-102207
986338
802469
754310
344165
-827437
-662217
981827
799933
134889
-609991
353682
-737397
-351084
132934
-54062
-958675
531962
-649168
-991297
-525060
49102
789614
-647661
-498107
-155205
830753
392264
-48542
-908934
752193
-432260
905588
-748285
605288
358638
-639554
-12065
-116933
-241243
-463839
-67428
-659727
723888
-465232
-786342
-34559
846856
841839
196355
492
-961007
-364755
-974568
762916
-164289
928379
-498522
536984
-719402
-305592
-95529
-623011
243274
-224102
306468
-953222
78276
271083
843432
386000
261190
-856162
-745584
643620
977509
-691300
-748241
-317877
-80715
660496
-552658
-304911
-337852
40251
-78495
-282107
422332
-188812
-741196
-723132
-655956
521280
-24892
202721
-853408
-382326
-141686
-992306
180204
629247
-433998
693162
83656
-317432
-854518
356167
945173
-249371
-62699
-679594
511486
-494877
473152
13618
765881
3257
536748
-671546
284973
-441083
-744918
-419685
412846
-647330
-22203
-593535
-778909
-507627
994936
218073
-342583
983437
842368
-267778
-956080
805940
305484
307790
276131
-244451
-42734
914904
880773
-66756
636411
674084
-225065
190013
-284034
50969
-651466
349569
345035
736911
-971839
684342
-710051
-118414
-212488
117009
-365262
696591
-31040
727979
-170729
-391298
-406909
165365
183068
-101844
-581260
127834
-568408
-115196
-828688
-524432
-519131
875962
815616
26585
171739
603060
331643
-689220
320603
-125419
-807864
-266021
-174831
386662
14657
669010
-475011
-408349
129844
147435
-343813
-643360
-239357
125728
-594242
406358
-908053
-324818
-838821
703374
-703135
868690
-490751
915305
-996968
681507
-446137
97994
514208
268299
534558
-577248
-807512
-660509
-934298
-87149
-801308
754858
-634340
-768566
761865
-773662
562352
-562217
-656523
-308728
-647180
-535232
-650643
768430
-570703
-441301
-529666
2358
-813356
461477
690948
-308947
-296122
184079
-314679
-162751
-43815
963493
-272955
-354975
-349987
-152020
-537980
898800
898899
-195400
330789
522021
-491975
-105321
-82690
-674943
-354428
399325
748765
814702
-221908
-187123
605545
-873103
-30239
-442527
713512
60684
-39589
290615
333466
369075
917199
-918376
37378
54888
-357123
391781
-673852
-771979
-875802
537376
926185
-33722
-194404
-747692
222912
11360
198833
-200541
-114656
-32510
-825007
387050
-52408
-224810
-242068
929042
622311
-924972
649611
427894
-499273
19252
420548
504684
826051
-475763
713417
186098
671434
-740337
-971750
-949641
743996
-400678
839387
-475453
858337
-853768
157120
-561917
193817
-602754
-264028
-989707
-71746
944826
755513
-80724
300837
616729
-661030
-455296
-153404
56216
688509
-176362
346477
-496795
159172
-836472
-847432
-246510
440498
309808
-470016
879732
256250
-30826
731523
285470
-993549
-160524
81581
897013
-128599
845282
-200978
-37904
272397
182946
705095
546671
47308
988938
892133
-323404
240956
-143734
-403484
-782206
256371
-610983
386484
248144
-145678
-372159
791321
-785878
-787841
-470525
498764
-991835
-10864
909800
330815
917757
857955
494181
554622
286029
-449621
169833
47025
-210711
-651036
492999
-977218
774235
-885176
787515
233739
-199559
423514
-239845
563297
-820576
955679
806171
-514580
-740977
-361364
540733
600031
382946
210523
470227
-717516
389672
-519721
930354
-849519
183588
815063
-312075
326086
-167907
336040
-221333
-844813
-882590
-288158
-629218
627143
946654
-707076
896641
58595
584019
-529796
-638539
-555812
409783
-983866
-105608
345567
-97368
-500330
499882
322031
-379636
33289
712189
-120117
90185
549845
-613575
81643
962974
572954
-862294
-902744
-134628
-728880
-708313
-402181
682949
-469793
-627905
-211107
483391
-569651
377857
-240818
-101835
-701935
245096
181106
21579
-423545
248673
761429
397243
-122115
188155
-438577
-191343
413674
-263126
-571901
19839
425406
-753608
-427775
205662
-29995
239945
-671220
628162
-340219
69641
-464267
304056
-951594
924788
-130522
-694114
629201
93633
873531
743199
939889
27244
-722358
-316853
873654
-466977
598723
713679
-651815
-549572
-819981
165461
669082
-691382
99491
199931
649781
660089
-552611
-862872
-8845
-440301
-921650
43409
-375972
69249
-709689
39687
-654454
-734408
391517
-255238
383000
899518
-89039
450766
-85958
-871843
105162
-394664
426727
491362
-641890
887221
-232912
563730
-624080
-282169
-863052
-404181
276947
715725
649388
307218
-123252
857502
123042
35102
299157
738690
-649665
-21505
-678914
-931283
-476735
-882228
-798481
-726183
-792309
871081
966280
273790
761942
330513
817897
-43343
-736378
-458810
481229
-289769
254743
-303150
228177
-747132
673590
-935368
-567469
-540236
-954516
-75844
-606603
741412
-941067
-375220
878017
-648690
-687569
264074
140391
926208
-206930
-105481
-967391
-123368
-746644
474813
775607
581214
-702690
-803687
263710
988734
815777
999267
941628
-672352
768659
225083
716487
974374
291967
518866
803531
837889
-149328
-660526
-93878
-865936
-568922
-636821
487805
-843817
-684378
567547
-266183
-521736
426220
687705
-223123
-560
-154756
309183
902856
-655472
952087
-262447
-77193
111414
92360
648782
-111604
51528
573981
744914
-516358
663213
-361357
-945211
-364099
679848
891499
-912668
-224874
730097
907385
971626
-274828
369266
946843
-579750
242543
-731621
603046
764652
-798611
624482
-671813
897426
157159
-785829
-402471
-484955
952774
953711
-661108
699057
484455
925244
848324
470233
-701762
871817
-540096
834409
157590
-94108
-638167
-275850
86134
162266
-607301
-517836
-59105
-342061
-51554
128212
-462157
342791
-792109
-134249
-978448
995105
638538
680180
706841
-96146
951440
-761246
640117
-824382
481445
124099
-501519
165992
-294804
159597
-820256
307011
992955
178773
-30493
-946683
-850030
956250
971620
-991477
671721
939436
97596
-44460
469538
-178729
175605
628125
387614
511984
238889
855450
611947
-248486
55817
414930
-247781
569781
60026
-340584
383408
-664859
-968103
193313
789555
456890
-131873
892487
-983196
-196287
-840160
310105
-243061
-437082
-784595
-67556
-172179
738756
429402
886243
-837414
-671797
202522
-860986
-305437
486029
-861946
339330
-322006
-84891
-502532
983021
514130
910788
-535452
99732
-360684
-496935
-733298
-612749
-33293
229213
59959
-788144
-619000
-439432
930987
-122956
618487
-447789
878468
680967
564482
-851909
-522224
465095
-661444
415854
713169
-644124
-790443
950150
-524386
-395588
-174700
-244865
226534
-579026
-53788
-642841
-154220
-754083
199429
736801
-179441
269571
545251
621397
-631335
-621329
855044
-3080
-337705
-515940
-87910
211443
771631
-261776
-154824
828402
-697011
-760690
-36958
958156
-971135
824536
-757187
293898
-584126
331268
-231387
417686
299798
-709671
-811555
-119806
-439031
189063
892193
-823823
