-898854
-923615
652120
126886
990134
857144
133541
261671
-394596
-707179
-123363
446477
456031
-926062
393363
278507
-364342
602517
-186098
98265
583261
650154
383452
19996
-456266
-393283
-369600
-616205
354187
709233
572998
-77568
468180
-643425
51640
-554286
-405883
-521874
-175959
-501749
-921991
-478197
42414
-372045
-764182
804229
-979796
-963560
-463075
-278456
-710195
604767
264603
108724
371085
456620
-982503
149466
-125200
310889
943481
415699
430934
517943
-669719
-286532
-235290
-738065
678570
628305
-592216
424019
728683
-236379
-294097
163415
764755
-896773
775411
-473339
524062
-766139
-988611
446865
-511777
463798
-422853
312441
862563
801286
255667
537176
712502
-60606
235605
348105
-222657
325069
-847191
-891278
780294
790775
-213849
-703564
-889834
-803529
112997
-168211
-74882
-117624
-309653
378216
421873
-302242
388642
623714
-478195
45252
693227
-241606
359865
-401132
354381
-610905
-626862
4166
265577
821369
-675291
739138
-964785
961536
-257806
188201
473697
781471
958230
-95469
226923
-884402
988352
-713577
-143116
942906
-306326
912065
411463
-536822
733042
583713
-389088
-858179
604249
-802816
510064
2607
105879
-815954
-949043
-537670
-359144
991991
216953
12025
-891305
121908
-86131
756392
-308202
368893
54723
197671
-778825
-47236
-665635
916638
-769606
78045
-822860
-510918
-828844
-703135
931680
-432492
-763992
-1646
13057
-457805
940324
275473
263976
836264
-787589
474763
-882202
-467240
-937670
782410
987118
-693802
-454903
496743
-233367
432110
-75135
-234594
993111
759231
881316
395194
287900
-306944
-359811
436527
327727
-513565
82645
92742
-96934
286870
-404465
-717197
-184274
-361626
641441
-503102
-29049
-69250
-649169
-340880
22712
-880050
-148794
423062
-597934
-361977
383025
-26496
730646
834498
712700
304668
-946315
-713024
-382205
956430
308159
681804
-340555
61152
-959376
-450883
41963
-361641
513172
-855272
221407
-548383
-286637
-606382
-368566
796074
-863587
-82894
-671458
89549
28786
374741
368733
-138329
717774
604491
-410860
-334904
183472
-477473
285176
576771
373958
-363019
-672613
-340443
-241609
926731
574283
-12222
742924
672482
533640
-345429
-695364
-290250
7199
956795
-756398
319656
542951
-221999
-771267
-719171
-82409
-687976
-261964
122239
-310717
-783103
-208700
-892863
434033
-540142
582647
46848
-73380
-804136
-815325
-482715
-152508
-101192
-839988
-655640
-227856
65508
-500681
-480754
285634
24169
418188
340050
373493
445796
247206
17698
902261
742356
533883
379520
882394
996747
981283
-856375
868611
-942913
-539514
-994797
186443
-675011
-833369
124463
167147
464317
-549497
-479411
-265236
-750768
-545353
541247
-749498
-498954
-13698
-485802
-874342
834252
220194
-760471
84873
162274
613975
898676
445999
-105045
884289
564316
528320
764045
324136
-350384
849853
-94055
-824777
394316
-871598
894165
262641
535095
928207
350388
-142927
-317012
394305
984231
285916
-415146
-220883
960844
-516699
364021
-865560
252613
-514564
-271491
964502
483108
757268
768733
-894531
132482
851727
-648483
123653
564655
580937
557856
640014
-194941
499262
353865
19310
-77997
367897
-456518
-852411
870015
292058
-6408
-182529
-197463
991522
173227
703910
-84352
765470
233281
150626
-949958
-269554
-858703
-420210
-462432
808689
814685
712311
449603
-990641
554512
166323
630092
-25054
897319
203932
-461071
-994078
-619315
248808
388
522412
-207649
676198
-55259
820622
313326
-207657
-602344
914161
736738
-119449
6193
-62684
-292805
-366394
271212
826753
-273560
725913
-383426
147456
-64043
-142924
787282
506869
569261
846803
45441
-43064
996540
-910152
-2170
945326
-612938
-94970
328412
657187
-316913
13073
-833238
-73466
119161
914510
710729
282720
402043
123369
-145933
-197435
-210517
582390
-137335
-482093
-598776
608575
-398080
-826409
308342
-473285
-926742
396944
125910
-456160
228509
50443
-355519
-642928
364930
-564947
-185758
-304274
152572
-820913
58989
275284
939762
-268925
685632
971165
-276101
127990
371860
689565
-278619
-50578
-466592
-302096
-250142
-572558
895306
-984464
-210032
-690424
-850870
508736
222371
803993
748254
545669
-922894
391537
-356636
-135755
-737638
-387869
149271
650119
812819
163593
47016
757898
-121907
-237399
-643976
556242
-546682
794932
564976
92236
42283
439528
-240002
-276301
-95128
-528747
803884
476955
-578994
-402564
935518
-234453
278688
128978
829992
-532632
55226
-458651
305994
474412
172447
344534
-695351
-971083
692765
191876
378027
-146599
-282849
-368119
-693938
720855
44815
366686
178021
8650
193382
-128742
802320
-39881
304977
-724393
458263
-197691
-389119
-621003
-907708
-42100
-873456
-818952
-857126
-405499
903563
943181
877877
-691678
442400
-443222
399999
669303
793445
765523
-346868
-695019
-447038
-672648
-110893
194808
844285
671483
-534134
266390
730464
-103728
213597
-530153
-993399
-827010
832458
-102492
-664498
847042
154396
591449
-648374
-494126
-889215
-902060
415241
-367425
-489910
633839
662860
724083
-426176
852874
977913
-412966
-650851
-297983
707874
109854
464430
894909
-384848
363658
-462205
-726554
-21844
810000
-112817
941110
42793
-309018
-367645
-170519
257874
824394
-68926
-766512
118028
487143
-79392
-895099
196935
-152624
-781444
921785
966246
54953
-322153
834985
-35256
252772
-42225
-63696
290035
997929
-963235
103925
-529827
-825521
530536
550212
-161322
584071
501763
-159877
273557
-459367
938634
732187
181085
-151994
-159212
674942
170571
220107
155477
-101977
-102721
310407
-276333
713909
-690075
-661580
455747
-262542
684127
-701231
194752
-589688
-823791
-985056
150951
536787
535944
564939
-305967
-248878
-557817
-950494
-203538
612022
770992
-622209
416954
641437
354380
-366773
-398625
494808
-803913
-543335
-12057
251624
-89493
-710800
-82852
-558456
658727
390182
-693121
-498332
-834117
-140057
246049
-696601
300403
273365
733857
214578
-124771
703562
-752510
169768
801721
-923336
-452697
-6234
43197
-881102
-675026
-51888
-573950
635395
-595353
370055
-637746
-570500
214640
-691338
239999
-373300
-581138
-476340
-573360
-876153
444394
-86140
-404661
-339255
-849211
-652833
-316725
-233228
-795175
812404
-379347
-955884
-654162
233181
-433645
-715420
-453802
-765933
-770220
-794902
208230
-351276
485123
790845
772881
-22848
-998885
-315417
8802
-311804
-414780
686437
459542
507309
-318268
39243
-313709
136862
-219515
-199164
49673
151069
460350
400439
-35420
611079
783169
-164794
540523
598820
598625
-256400
559032
892437
-398594
236822
539988
-43542
662831
10651
996270
923088
289034
-788636
-27080
281191
448787
858623
776415
-556494
-55490
-330144
-415579
-220760
-151134
600262
-33188
494695
-472515
-621892
141185
109960
-623906
-448965
-292302
483853
-281805
593644
-351411
577015
-829329
-342004
-146777
-708875
-978025
-512535
63462
-888010
-232470
501641
-71940
269663
-897429
461161
-421056
-104807
-632436
-94237
156714
-626879
-962567
416041
560939
-512317
286078
-892307
80679
-377471
-421995
-948573
-458992
-828308
-787440
544734
264224
-301642
-289057
-170921
-982989
999582
174719
-258291
-210882
-629398
-479872
-328314
-995216
-522125
-632528
702899
-39965
572506
-600343
622961
595327
-75176
-550284
-65748
-291476
-938572
646425
218270
-895823
165197
-237883
-867659
404846
-79145
250453
-722797
68018
-268893
243333
-395345
-953222
3734
-333328
-369384
927943
725307
385987
-539046
744794
-741259
-152062
-757511
47375
801101
139638
439578
-810284
500970
549682
281538
752324
-506850
709569
-701899
900196
502428
-182033
728832
-733704
499272
570800
990867
215939
-564569
467760
-165242
475098
340726
-830729
-399492
594916
854998
-727496
-100059
-400784
255396
-624329
-181923
-486349
62311
-714282
985458
264669
-619933
-645190
-627581
-631082
840010
-409058
187267
112538
962194
2868
250589
124974
365282
-798541
-545230
523837
-664027
911362
-413507
-812588
-958911
354815
471640
-62153
652258
790636
123927
-162594
-549136
-885898
-898542
309263
381599
-913820
886593
516505
689060
221913
-765057
704426
584709
89669
388785
-257458
264329
-120850
721408
-951932
133583
419095
-848318
573439
36859
-472502
269686
262390
102667
-498873
-376210
637992
231751
-9463
-801529
-147344
-599849
-660367
-776172
-538752
-12561
329746
12761
945853
643237
-418792
-678733
-200137
-140318
-794667
-419243
958531
-3209
206313
-993107
899383
-630713
690574
480229
-856382
166434
470398
391813
-534427
181043
-672639
487733
739346
382991
-190954
-790368
93151
-162323
-381891
-708875
70503
642933
-66977
276743
-245954
-983247
-978213
-385004
892814
980256
932143
-416477
358867
-363799
-476098
753670
634159
-842067
39747
-111233
-705814
748917
-250413
451199
91658
26442
-63096
605450
-948981
-512412
-924464
792758
-287812
-536198
-443056
-364335
997814
-879304
396150
-702430
238841
-242225
-845926
295496
-242268
-409818
588624
-886208
-687279
-301138
-15284
528770
-781301
278483
-372110
-488246
-506131
-804722
-376582
-105484
346968
-948969
-197315
-556288
-63280
-309832
245534
13110
-589709
-948291
-1385
579299
-761320
552456
-895009
-231871
-559232
800833
188341
-948492
579003
-191062
158028
262833
-316133
656656
770643
487033
382285
250077
-267616
552707
125465
932683
-111496
-189256
-859338
-552909
857981
-770600
-296758
-20349
384693
612666
874878
-637874
-280397
-380880
445883
88190
-46108
-644215
-182781
759972
624632
888368
-522130
-213904
696682
-849551
350399
155196
266414
-839332
455330
-229054
495351
-304190
-441212
772975
532514
590172
-957041
-116657
-15678
486924
157249
-131033
-380600
755515
-692568
567201
-459313
-354463
941116
-499422
-969342
88098
356056
-59848
-383829
-38634
-470825
76463
-46632
-64479
805319
52162
378540
-730239
-910643
401007
-643521
472423
16661
372835
-166477
-898628
872051
-904683
-522156
190084
250523
-569361
180459
769504
127737
-672090
-149984
-288723
331054
-446677
-393335
-64822
-633944
46905
-563245
71160
-865571
948623
-836085
-702246
146340
305720
948490
-714597
874544
589189
-307717
-146770
-333783
678301
147850
308273
-63639
924843
-72661
710891
612560
548277
-167804
620788
207556
-203379
431864
-637580
191688
834784
779217
661635
-948680
-197909
-874743
-448976
960286
527566
-534475
-327907
599989
-847495
-127729
208968
-922376
537795
-601570
719972
-852379
449433
78468
458085
-424749
548307
942180
-86629
-249235
-444254
457454
-626570
-559926
-218458
766216
171496
137514
438684
-411110
244968
-93872
-237387
71158
-365422
739063
474881
450787
475755
351346
-934902
-233531
627267
573923
-150146
-129302
-554445
-945897
756867
-563853
705734
-965891
-158673
340445
548276
787265
293008
391979
-765495
339722
-190875
-31054
696293
83404
-802448
-556800
-67300
58186
736099
-452630
423677
881836
672247
-465999
-870160
-142536
30108
-164528
-202695
565552
435787
-538011
228377
-579384
471159
782905
372243
459843
464033
596590
-66100
558633
-539637
-635580
-607988
-363993
-792060
964488
792161
26499
224226
-751719
140770
-755142
509198
-81256
-339183
-32329
45753
527916
-179622
-378446
8493
213870
485304
-145628
700862
-489864
56695
782050
-839841
-69371
731156
-307619
-798255
-762171
-591680
-708363
-698251
731072
-15997
544629
-791869
-53532
-228482
-111953
861779
-355155
-221495
-327499
549785
-733073
104698
-949839
701102
-839357
-262201
654818
-775351
-137716
983491
187060
396236
-372443
654276
72698
315130
-697175
724966
-490038
-237369
112734
213544
-920075
887496
-768706
-511821
-908895
-184374
570276
-329669
887813
-215810
765840
-414466
730305
-409390
959127
168554
170200
-6310
159466
253148
-762037
524909
-618368
-28926
126803
763341
297187
275041
530362
734718
98196
331634
-82730
194871
-610020
-236184
839331
-333706
-985423
914573
705148
-75602
937601
597834
966262
645404
179613
173637
-98855
437304
-483195
503717
661948
-147130
-564532
-328975
-437188
-959349
161000
-913514
864856
-607331
774424
822663
496236
256980
360690
-56449
-418744
-84515
979720
-882206
617709
-96020
-573002
-172223
472547
525713
428811
965628
-934854
599844
-468910
382466
426907
34267
791356
-633291
362633
21626
453035
-520856
305082
-930391
590621
-237942
-783348
708065
846387
-366116
965030
144256
-601635
613854
-928084
657661
801061
-645688
449438
892725
186900
255540
533070
98660
31812
-456999
-652420
793775
-587900
-963471
553103
-613411
754081
-130116
-174606
-431578
690903
919710
-702199
-402908
749524
-126108
-671921
-11290
-404635
-895964
184462
844580
80960
-346686
621753
-326132
74733
245903
206569
448699
-459695
-926837
-847629
-409657
865752
-682165
-986462
-856455
792126
-686858
450966
-765288
-451973
332905
367672
761440
865609
-940933
-769064
410898
-321453
-477734
301286
342693
-35205
-988140
-435510
-6630
835144
-715598
-552608
-210067
760555
-198785
177811
-552921
574316
-554906
28821
694032
-27274
420601
-265416
860290
-817861
574222
-155796
729049
28421
712452
777046
72199
-79269
30755
140297
-547644
130252
519585
-106397
320610
228059
-367551
685958
14142
-509306
-418154
-992654
-663725
440949
-712474
682684
-619032
827452
147113
871405
-586262
-770355
-445647
562938
505300
-747523
73827
-55973
100042
874801
325066
-194362
-928475
-529842
-256359
800105
188760
-844063
212656
163699
-146408
395063
-393054
730574
-853467
129903
-258196
194885
-845051
439404
-381367
372562
-435612
-143627
327477
51860
941605
405373
-397188
-108321
-101751
-350210
567677
272238
-245510
-241922
-307712
-429645
-779915
418356
-753487
-155825
562578
-993341
-947783
62109
308402
971045
-234376
60265
145476
685603
-532384
-954049
121779
-813312
-809999
-931491
192880
631734
711757
278602
156055
-202024
-855561
381824
904257
-667242
291884
-88508
-625179
-238497
957662
-640105
-493717
925217
-731319
-906940
693967
81836
706996
-915942
812526
674740
359238
-468172
-979471
906485
-508925
401524
3155
-205327
714977
244366
-614128
114133
-946549
546752
-790933
517114
211377
28960
-305956
370311
930698
-136691
721429
-144717
-250905
-34745
-23632
80936
803957
-132069
-239241
-839165
-733809
984631
-694449
130808
342078
-114148
-781887
-255981
-662322
617520
625190
128153
465038
382963
-72337
-100211
534307
-661046
-215281
-805554
614537
743671
979077
-454819
-167000
226602
-553079
-762691
766094
-472016
-222638
-415885
-648753
746314
824962
424493
-231178
-735207
-263249
257663
429095
-878284
-717425
219976
435795
-234148
-874433
124595
-594410
-413881
500400
-531495
533296
62232
948143
-999804
-36706
216432
269583
355855
95444
98334
406900
-152215
-491238
140914
-559169
-516040
199680
-70993
589201
-765670
489855
531742
40062
-242810
-248018
-466625
-783280
-681007
579613
-438885
-467723
958157
163538
95925
619526
-746100
-11298
-866658
175860
-626494
-141414
609448
-330287
-231736
-550525
550578
341305
-453315
327471
-587101
-795429
-102841
-687636
-780558
812199
-833161
-898060
473185
584982
-743733
-715570
-127543
815889
452044
990787
-908911
-627073
406744
574075
625464
-749202
-526982
756789
-384238
-170787
-451723
521376
-550512
-477021
721120
635992
644919
519424
684523
338304
-357965
340031
10303
-974984
277125
-841852
-196092
307387
547159
266424
-602116
683352
60272
-859251
-293556
427659
-936766
741168
5339
745464
-536543
-664565
890707
-631805
-58738
87219
527941
914766
-110158
-592907
-44567
-485296
-67098
-125576
-360445
-39409
-507665
-3569
-476064
625786
-347065
-735714
-215681
-907419
240022
-170843
-555315
250657
-665408
176750
864265
-826313
942103
752079
815175
-355903
319665
-456803
-605552
-626970
-489643
-215891
-552410
-969360
-826865
625160
-208923
-311924
857955
-781014
108484
193565
102046
18295
650619
206908
624456
-163781
-169793
-398127
806325
742748
186025
-814393
-454342
474271
-146251
-15761
230909
-977005
360293
709235
387942
135582
164485
905332
-423758
-896862
-238838
416067
-426970
-440629
450964
-857799
-843424
-739081
-576109
579508
225224
245443
325381
353838
742438
63406
468445
-325381
378958
-668307
-854401
227743
277494
470731
-812696
-605751
712104
684985
818923
38640
608338
424569
-481130
-868343
-533637
-642845
-29261
235746
-982768
206675
851434
-421090
341853
-334544
795652
31309
986775
-122983
-952246
-180441
-489963
917037
-605556
798438
223647
711031
-221251
361021
428895
531957
-65476
596600
603253
-106172
433070
180657
-738906
916841
-230394
838188
-337356
-124738
-402906
-337712
976712
-673161
155167
388419
553612
932816
-874219
271776
935253
996053
594110
-112936
-324994
138701
839177
-190174
-73008
-598204
-725285
892064
-137827
482868
388084
-826608
545004
499151
-187152
455083
-776882
-289428
759786
86174
-27057
-338421
-592965
770082
-968440
713862
-655904
22330
-846255
-4265
-317703
627720
-189163
-490240
556270
583501
-453442
781211
27820
953212
-882610
785534
-453875
-42119
868239
-771318
-378026
-598029
-427805
-500975
-721958
-589094
100789
-213151
630715
-771585
-686320
-265359
170192
691144
-325170
-909529
60578
-244340
-860440
582596
-123887
-472559
-223379
-203411
-65900
783391
709518
221271
498334
-950592
161238
339597
-106085
530711
681590
-834463
-161511
-426661
481342
340589
364036
423406
689960
-622779
-718454
176158
683791
-51909
9885
775671
823165
409549
-715881
1346
726177
413103
-60041
-756577
-681889
-769935
546249
29370
-883454
181070
664612
-48211
317837
-647536
703053
367730
925999
319522
350585
762243
-217644
171316
147248
240784
-195880
459397
-256691
-35364
926806
-332080
310178
-656971
-167137
409045
506680
527118
-332601
-250494
888244
47674
54361
913598
-633643
-407481
-203350
261715
40089
-701323
-484789
301685
877951
-578990
809496
580211
771048
748787
789229
-774279
-318569
433745
-599176
452095
925015
451261
-703702
121938
-684484
-93567
236359
683069
163605
719262
834260
-505072
38651
-921006
959708
-342111
-674120
-194474
-8486
768762
408815
210295
-89545
17492
99099
-623981
415501
-314914
122984
242663
-476656
-790181
902447
-636538
518939
110950
-544628
-252314
-349482
956502
241182
-668267
654466
137788
630107
-853111
-152607
-823287
-273779
-403948
862021
-357555
-256787
80886
47539
-416870
-790054
166028
542386
-489337
240822
652839
-593738
851664
-395426
175224
973604
-412517
592580
955431
-335870
34901
911914
-585726
-724163
-469701
-349188
-984750
-21355
184949
-832181
-160438
-494935
182620
-11806
-996839
282650
-834724
539399
-880609
965215
353653
-363825
272699
-926299
-440613
534046
46659
-534943
316478
86331
-468339
-298509
-795228
-620532
708778
871416
636529
27378
-558285
-645588
899209
803267
276539
529658
-743028
485216
588516
-256605
243136
916851
-538099
891270
385805
-769976
769065
-619759
-374623
977092
-593365
934469
-348876
-23674
186397
-893985
-682523
357144
-713264
759336
627267
605521
-276562
770907
-354967
-679861
952235
-668114
-957247
-20483
642138
137599
925673
-654476
819356
-414948
93106
313907
729587
-301393
54981
919459
974964
-66876
285920
-205640
-884517
400377
-115778
-120029
-569416
-581695
448021
-868435
159176
258004
-125767
-636489
652895
-234313
-544290
808651
748160
-866205
-457350
-613026
-104177
-534123
574665
-706396
839581
206513
260074
-157424
245987
-761516
277927
701799
-449077
58485
-631726
-332160
-4697
197430
218826
-351846
696452
-928307
-833635
432090
774041
-765687
133703
-833825
155226
251012
786073
327300
503082
-811036
929845
495921
238765
925517
803894
733406
144315
-16153
140780
703910
-942608
977799
-454332
-22269
-680864
396796
-177849
-855892
-755992
276729
-945735
179080
-153696
-284646
-792607
-235955
-368020
-360044
-372503
794554
-989902
321022
-33957
838893
773925
-622410
-675509
-499230
-12992
272369
-17772
421256
-454321
459235
898234
-25727
-163417
-88441
740847
-865161
38518
-149365
964529
55830
140469
657372
141968
-848087
394042
-946615
-861427
576084
-19863
646486
-815970
-533013
496907
477344
345935
56302
683319
-950040
230786
134179
-967700
-883651
911575
-57778
-112319
730442
-399449
947854
-127181
443322
-50647
138199
609950
-189885
784183
467847
-802873
93398
734635
501543
129814
-415391
-301597
-554047
411361
-827201
915301
867289
-340894
-315458
-241253
-615671
50635
-2230
-914753
-270148
262256
-518598
-5166
971527
698531
625335
533317
34079
618142
959045
-421445
-768517
-465640
196975
-711194
-957817
-746246
-926317
-466290
-740863
530219
609223
-454352
-825868
84232
-614041
-725821
-732465
-60945
-262979
-315626
-514782
-255750
962507
465749
-841996
-877110
-822729
-681174
-960957
-382343
-341164
-978433
-333287
-163791
480201
603746
-122297
-790437
-139552
143106
-603839
665583
-245907
-498858
-418411
726506
-569640
-923427
-134519
-481058
-469942
-214784
427089
685347
-829072
316179
907626
410795
-870545
222842
954902
196211
125924
-878488
-384140
-225386
-424554
-115261
179387
-66180
478651
-501084
808467
-437969
930659
-95494
380048
239438
-840187
-49331
-729396
-88678
9381
-872416
-796897
-166611
153630
544881
723837
-233397
581137
-429606
-941715
943569
-575638
-805543
-729182
798666
-862068
-593107
-459336
-867167
-301799
-757801
-59124
311408
-801825
153920
305976
978423
720994
-994311
913322
-256600
-570494
614044
602719
-744482
-931255
-870318
798657
637486
-599213
-827793
313883
234198
679898
247607
175541
61907
632670
281796
329617
-159090
-656659
-366849
-951744
-536138
484116
-288693
450657
-167511
160866
-249150
-230089
-284277
330773
681367
-658970
-902151
-545820
-50277
-696758
-219816
-777752
291803
188661
-619961
-994392
535270
45507
-902477
307135
-65364
434202
816904
-712916
-733823
-846397
-30587
-763978
-348991
-424608
970024
-222214
-563570
552585
-695479
-936429
-132171
-188153
890819
772324
-9553
-325588
382028
-808827
-854205
194381
-784666
135623
349385
309470
-49426
91494
648073
396712
-871598
-923702
782017
-676055
-53408
374394
612549
-843256
181817
247838
761921
714803
-658972
111022
736410
329879
-407041
-354371
-779661
57211
-54640
-796452
842700
-419846
-660999
-876756
-664508
-80869
-392822
-995324
-248833
-673522
221361
-914118
893602
-510458
634444
-5870
964731
354605
687135
-444351
333374
340681
595169
-80740
-71574
-592407
311153
-762526
815819
-772917
742566
-269022
724120
204238
-432957
779851
-825924
-569842
717193
-413874
38578
685473
-338969
303602
-369015
-804627
-279347
556340
-44409
-904156
406302
-299560
389738
-437794
236228
-22896
-426935
906705
275677
69192
-7526
-750161
-514541
-796532
144461
-378723
878985
243607
721941
449227
-288015
317049
671302
597428
227514
291171
-289319
797812
-663321
-909678
557325
-853823
761723
-760746
-139864
213383
-538608
436030
-74532
322468
844552
786146
151748
-927811
-951078
-21043
-667123
832443
639758
-260091
68018
188902
313796
-416329
-143265
284572
-604819
-420220
25975
-373715
978077
-826654
-317391
846678
-538247
-9040
755549
-20519
-227637
-118565
844357
393525
893492
-607322
-300626
-182649
-976639
321305
-469762
-396163
799254
438920
467447
421235
-272378
80958
-891615
-455764
-94907
307271
98118
-828114
-457227
-915881
-805993
805818
-670628
675546
276972
-635034
-416649
-741351
-148951
-24615
169767
50566
695612
-923357
706954
-904156
-242622
709430
-730779
570261
222793
120965
355517
-208959
121392
32952
15621
387872
-122581
-438903
-221839
-331355
-617117
-358338
-435351
-704056
257978
189251
-6503
-49746
191532
-989469
-935643
-751754
562769
-708317
-556934
-690142
792959
62395
474048
569376
574348
-525262
-773909
-597899
-125135
877845
-382863
-658171
-592886
219987
944278
314369
979769
-156872
535650
709869
-127189
-196988
759860
393676
-520078
376616
-619279
951787
788050
-671204
-537131
436040
429783
738271
-535575
-937187
759587
96268
299285
818316
-813498
291734
-426035
-858776
804422
274464
-245017
316573
-104130
-318596
-480499
-408642
-772062
-585923
-499762
915497
148768
-554246
-92593
290137
36514
980514
-959586
678984
-190096
-917257
172199
852479
-656653
993065
-801089
-406085
722964
286608
28510
199358
-862909
-859004
-850326
-875857
-151148
76892
619054
-254162
-878973
-964222
-387095
-828552
226008
325680
536323
738484
775718
-308023
603866
-171560
587245
515030
777147
124347
586335
-162789
624237
-639817
-766400
619733
318183
958074
649830
-695661
761249
-858902
-280224
-352850
-631929
-544846
-832973
610279
-573814
-778642
-662977
-573541
-684335
90607
-526015
730789
191886
702763
-765582
514000
698603
819652
-850228
-979593
-777950
889139
-112916
223676
-14676
618641
337170
-197919
763665
891138
408774
644934
675550
-562242
-228458
336127
64949
-339267
386170
160017
-598658
707327
-402216
-418230
-584773
211829
431778
267194
248058
746895
-227043
496721
817635
52067
766013
-196457
-345359
-143882
415277
-489342
899390
156203
291050
-791945
-541450
-710202
726031
7264
997870
99867
208683
-969370
-606003
-93225
829902
366923
-269208
813930
-523229
986215
357548
660112
-713033
311486
328244
-748805
431704
630714
-734725
-224609
-957928
491017
304683
-972903
-279311
-664171
32404
992317
362882
138012
817976
437946
-810504
276461
-745597
114412
504968
745022
-844520
-728002
-35176
499500
452678
-274886
-784259
-16689
-735591
-57553
-156833
242169
170381
-182018
67129
-798836
-707234
993537
651133
-757259
320250
-67945
-347564
615881
-165224
99152
499587
483834
-10014
-197966
233065
-385610
390606
-712538
621349
-652068
917771
402946
-966572
604955
815638
-786892
-464392
-951127
264299
426887
-519180
-748003
-973991
-700907
-696525
471402
172782
-495286
23401
-859655
-361966
-838128
750194
138082
-563920
-976996
-612138
-770106
804367
-697387
-594706
706891
-228929
-664228
-311008
-202699
523950
-360132
-134331
751646
336986
-305104
246060
546386
440353
-17269
-48584
-231735
56372
-317240
-972892
607681
734762
286382
-833561
761592
-191695
-714465
-282574
-73085
922975
-655874
-334313
-574386
-649690
486459
-343741
-683215
25446
-536579
516204
-399317
-609379
640107
-876346
-38467
-941255
570774
721326
431205
433166
-834298
-274838
-103755
-5661
-366241
-592248
472080
-133977
538543
-794910
488449
198081
2391
798659
762168
-340731
280596
-683356
548642
961474
428970
486031
175140
921848
79404
200357
-101773
795175
-479126
959931
223635
927810
593015
953630
-983959
-284093
517845
162423
-420993
-702120
-922688
151114
-429867
766523
255764
-336872
-731554
437279
-285221
834597
653598
859718
525047
888276
-706211
-990417
-321816
796078
-142968
-992531
349115
-670335
760485
-330221
-274928
-173019
691441
-398004
-853434
-512934
-883431
816519
881861
-397491
637585
-931889
208615
-339527
-629229
660792
722052
365738
-883273
-749707
773784
684638
-972501
721287
-565485
-180924
-53232
-753648
-654402
-273626
689650
-28602
-247867
85858
824545
-423549
-518171
-981677
-650576
409976
-510414
-708912
157898
423042
-940155
-329014
-350420
-133995
601730
-176871
498818
-764588
468546
260944
810082
710339
954017
-597812
-645473
-615916
-797915
571852
18251
-818531
989577
102842
358989
351979
-262170
-717688
-588774
-763152
849661
50486
656275
950999
-596573
392688
232955
-580104
-711863
910803
-606316
261351
593831
971344
-250923
-639193
642821
405289
-219319
988412
-869978
-653031
496006
358238
348369
993680
991689
-837878
-387587
-541924
785067
-707406
-451816
-709533
575874
900820
890228
733133
470999
63272
552911
-833602
300543
925746
-52739
974721
-997800
410744
-276044
-735808
-164574
912590
-789260
48687
45303
117965
60945
59465
-100504
144738
378846
-342989
302262
-764030
662264
-213316
-997206
-547333
156460
-912762
174993
-532378
46214
401854
153304
340025
90999
588806
157503
-713607
-475359
-712459
334909
777868
79427
-563276
666609
270124
698684
530505
248384
151544
-544067
238064
-820721
-660572
468496
625829
226974
-167343
-402945
-430017
104703
-517768
435042
120502
-300493
239743
554313
-645243
457184
-634130
-733118
-830677
238768
672059
579655
524235
-896824
209985
26567
124787
-380573
-19761
871247
220665
-492405
665053
198613
-919295
-897164
416346
-561631
233244
151285
-539487
-815784
685067
568867
421129
-232537
619425
926988
-726117
547208
-566970
709261
93407
300724
87063
-764207
516047
-948699
875435
-619162
647149
-124345
471793
781693
527984
-317765
379061
245822
144666
-827834
-795199
572102
760229
-951076
109216
675134
89051
697669
540670
-716135
498373
319722
-163285
-442903
724987
732735
253502
916703
-629734
-995252
289110
-88611
49748
-672935
-329348
330938
891042
-930507
-950492
-356847
-71276
-743773
295123
601030
-226104
177250
149082
-110697
531193
412632
-167616
781914
162095
-399014
-133698
776153
-963820
-440806
628963
-48186
117735
-93650
675288
769884
153353
29241
-821698
305941
275765
-526536
292019
936962
432461
176235
526324
-471094
198479
924253
-112484
431681
991078
-817390
514315
869284
246941
31053
-130334
-247697
2094
-687365
-335318
-961573
-801799
-906433
519060
-833033
-850544
-127461
-674853
-849438
539247
594359
147526
768803
746057
-742062
161609
-840539
-615683
-691262
-414389
-399278
194344
993705
-467581
299722
-412332
-549322
377083
339136
-186419
455189
816055
367601
-782956
494837
861295
-551614
458349
929715
414071
530294
69267
747176
-111681
-301559
920844
-61300
-892169
-748245
-272873
83461
223179
-262948
-155071
-720432
220492
956960
638486
-410614
382574
-72096
-876555
-530660
75822
-367011
-193667
-391103
689612
880593
-67677
-195402
559670
-155612
-925850
583677
-341499
-266936
42137
142157
916640
-694607
-697249
62489
142974
-57484
741814
-648261
246794
-251781
-925527
-197571
327967
-517533
-134999
-626364
-670414
286066
337911
-642534
500239
898744
288696
648406
628668
63553
512938
-11094
786170
-118285
32758
-305975
511593
-602357
-905957
-487053
-99765
648878
94602
-337122
-728863
112431
-736047
467651
178673
986716
-942225
-882238
53481
616069
615878
-741262
-292834
-310262
645294
585545
-820051
700448
-683483
-811611
960130
836512
-423771
906421
95607
-185717
231566
836614
797716
-705634
812483
284974
250485
179342
-71471
496655
-895927
-593951
-396216
-15672
-263946
109033
-833618
-787394
869338
-729635
-1655
585026
-592339
236565
216347
193375
980226
777186
-360149
72515
-117524
-783993
-944643
217800
