-955715
529752
-589725
-361315
-643094
543342
-260500
-141291
-266742
-389627
-765509
-548212
322173
-335758
925044
-229774
-365654
802371
639311
-807691
-367008
2037
766030
842319
-660514
-795700
731915
646057
-736530
-852397
-907605
-340822
-851925
885104
-497681
-464223
-972316
-926301
585577
284363
-435559
647643
317515
-66751
-749662
-459275
-511014
-919295
-434449
17106
30466
543255
184554
544531
-898684
147687
510713
-169612
856907
-537958
-489441
566338
-628516
-16093
416834
547834
-988438
858221
-306809
-595072
-641271
-952797
-17575
658808
-571525
-507237
-4343
128453
897319
191328
-797936
295324
750247
-565286
-943633
614596
-205184
-662884
-33225
-885780
-89491
-521270
-117979
-319576
104788
160293
-856219
-980342
704858
-835147
571511
-889255
-203118
-689134
-668369
561521
102736
19278
886102
-903242
-285412
-975102
904047
889270
-782526
611828
209172
-588837
-969081
585442
454398
369353
517878
207981
-349790
839386
255832
625445
-484871
466611
-393023
-163411
-793767
-187133
-187961
652299
629887
375256
581198
-170994
-837202
-247011
-62977
776028
-905616
283572
616151
-953449
263803
-491092
-706341
88236
936239
-549601
-237334
-947528
178876
-232789
23210
931478
-895007
-19317
322596
-269047
5583
587857
-346772
84867
952236
315202
-427527
-790896
26163
680270
70931
17250
-877832
-785238
82794
-985351
936009
725644
407490
695407
-180816
13570
326604
-185123
-691818
-734352
563601
-27538
-908030
370980
524423
-657538
-860802
341528
646086
806766
-740710
11203
492756
906119
-172022
847132
452124
-390392
169706
-588628
414462
163917
118050
-557362
607360
-597346
981733
805894
454433
-206190
-145325
809340
826702
854046
161215
513684
480110
439615
240010
448682
-905704
-165185
-489938
626287
-532636
-960602
-201641
316379
-615329
-611519
134187
-268978
882712
315464
381611
-553273
994391
533806
-690383
724927
943853
-660854
-97383
611107
982311
-41699
-486275
682477
-221988
-759553
-889064
360414
626854
76139
-747956
-645030
901165
-458973
-146754
360415
422559
170241
618271
-171229
-209732
288924
643846
-741942
406413
-931565
-707847
-805439
-457420
124921
-855157
-937286
-589729
-316067
-889825
-496828
477270
-935308
785738
-72314
-809164
-911002
-569641
-982633
686771
373554
-546844
-111619
-947552
-14914
993449
-908351
649965
-22913
672985
914219
772197
823873
479648
376736
-989318
332563
694861
-321516
27834
-683693
505610
-307411
554848
73553
-85178
-725770
39047
-620381
190515
549436
334458
-78587
91499
-851063
904870
212458
-140242
973626
302641
960803
-275642
-629185
880547
782507
517899
313711
-501182
35341
235907
-134650
-49027
89202
533153
-833092
227838
-161077
668718
869378
-185886
-160873
-99771
-639908
158085
578385
-133128
-771498
-502666
328186
807185
-625244
-506230
307902
-369550
645850
567692
-890042
-309090
-806332
395538
-957799
-260656
-738845
9451
-656337
-683063
803461
-459980
163732
-680664
117503
758282
-767179
615793
-121206
29913
443339
-962256
-142152
407763
-864031
409910
-291823
-676355
-54909
472322
260430
868579
998405
262716
-805967
941420
426477
-898214
801279
243016
-990594
-87963
-944357
438149
666338
18774
598337
274369
894963
-68966
-742565
-939398
989990
-273483
46851
979841
-422124
-445054
-505066
352525
246566
-844007
-93071
-897172
200797
-410935
-551861
-524203
513980
155332
451631
-330408
-496558
659162
770324
47094
34280
-874914
987419
808653
-138557
-925403
-155548
11628
-580202
-230484
511244
589509
-421753
101721
-157113
546624
162908
635610
282647
826476
710338
-102614
524199
-229552
-993094
-756302
637254
452832
-499680
68236
-625277
-147061
689241
209250
-19743
633969
-726631
487925
878647
953010
348623
-577990
796711
763490
-115155
228894
322616
133784
83031
-23829
-234605
-634458
-254681
-679741
-874281
192098
-367461
171464
271897
-43869
283100
-870690
233083
-300600
605035
707208
-70681
-274190
185834
167919
-273687
235217
111109
-627327
-510681
957084
-507525
-306122
145661
-372966
-312627
-289810
287289
-366370
944641
-272009
-859280
-760688
-104941
170154
163067
163301
-746631
-560204
340114
-824144
340562
-812302
-482558
669458
778410
-124170
-367602
255437
-379156
711207
345312
-332361
-387099
-671355
-613078
-405686
83185
354057
-564002
949592
-680380
-832470
526854
555356
901207
-795268
-727232
-46997
603756
-77453
733274
785993
-61632
330566
-855930
-241769
-258099
-660241
367802
472618
240697
-441778
539943
239992
-903586
317421
509395
-403924
-101641
-814369
-696747
851801
802019
649537
610733
-200886
223641
-88606
-482755
-678409
182185
262143
-758168
508053
587243
-126297
766150
-40763
-802362
-970947
292609
-332180
12702
-417124
-451761
458530
981467
808789
-197748
-163645
-211821
508563
-439182
683556
711891
-909152
575992
926560
-194545
744960
-61243
328912
-997725
481083
-45232
652056
790661
433977
582678
-897058
374794
667589
995318
100502
832721
862644
915884
831225
-405936
-206689
-296984
-403820
-844679
818123
-650870
-661379
756232
23338
-85379
912032
-966804
-177030
-263507
-393033
-152625
-314868
-523610
-924072
-759228
264095
559435
-510680
624012
704491
-201041
844717
115461
-401863
-239853
209346
-970064
831919
-385155
380451
-520995
617258
295281
-320216
-601611
72644
-383922
-701681
-698012
561141
931144
-924814
-315743
497621
482558
313047
-63397
-731009
-104520
783206
352578
-25326
261438
-142283
371567
555601
-388137
-482625
899056
-48278
895325
-865420
308340
-865836
860025
-817046
889103
556113
-680319
-264399
-381653
776595
-307605
-879548
-894964
-820741
450156
-104806
524158
-943748
748081
-386340
779549
-3298
-359111
71858
242369
946207
85581
433079
936580
-542028
-947043
-596469
-716943
-440723
846841
221574
-11574
-567626
623016
-167159
-625034
360441
849129
-852751
480645
789729
-182013
652325
-988446
-204870
350347
142415
448916
-735756
-677454
859176
930352
-966970
-691000
563307
-803745
-923024
49745
-472085
-985336
478104
272706
60224
-519911
-531754
-162727
547101
614135
221899
95254
461757
-661248
296428
288217
-243204
542521
11485
616217
303618
-724711
-727048
79806
231834
-814607
174828
147868
151713
-693514
-344574
-835699
-831975
766061
529147
335530
553949
925809
-20714
-388826
336239
-602268
834478
280135
-957587
707952
12415
-87935
-771933
-807879
158601
-574416
496313
-266847
606349
107505
480653
-895049
-467916
804638
-783204
276157
1359
222693
413977
-877612
-225991
-805755
458656
983110
82009
-194396
267780
-817808
635460
-925489
193476
948042
465151
-971378
149149
657300
287458
429475
915513
95007
-471785
-888609
738821
940982
340674
630818
803616
264999
-300229
-290067
838255
-605071
-929418
41765
-938291
708363
421636
-312217
603744
-634545
-37966
590210
-914937
-166014
823375
-110187
-754577
165888
-637940
-431930
-147643
-670584
379259
202524
-238331
851618
716986
313082
84081
452777
-93655
732857
487198
663417
347734
761697
809128
-674763
797050
-943997
145414
-677451
-642915
375349
143480
-775925
-23212
-410581
-46819
-850383
-358485
108782
-785375
47952
931229
-537668
147987
626863
-420288
-726915
-429100
422070
-73474
59869
-217813
838814
-986115
-958582
802038
912952
908448
-348788
-364165
515030
-653785
-603973
-704675
-469158
-629902
292706
105258
619225
387043
978927
-147183
595691
381792
796243
-967887
228241
-831496
539132
310924
607172
-488931
-282260
137754
-53738
299791
-29194
-128518
-825593
-95910
-631659
954948
219879
264309
-155543
159993
128994
424460
-327985
-344548
401709
439512
-61413
-213542
-358452
503081
-640139
930148
949629
32133
-848307
28637
-259772
485995
443260
129647
-891628
186160
-320903
391672
-941289
147851
303540
757986
-216806
-191956
-902894
-2159
-303080
164230
-840698
-398219
-18462
-779986
629832
-345793
-473368
-699813
-693579
475184
-607962
227981
-279357
798092
-185555
-802869
528415
-907602
-578356
265477
-91675
187957
-503716
753175
764667
-479012
427941
-649490
786699
-327832
-86544
529221
-497253
-665926
302122
-366327
80586
-550268
628786
-562213
237609
339352
445120
540083
-98125
-785956
240753
-743646
520427
-249510
729459
-360400
-473199
797684
-44343
174307
-111232
513204
-799045
367329
540583
334146
702686
-173139
976801
794863
73147
-283379
-111372
-289683
739871
-437748
230371
-438751
-851969
744988
-458000
-424815
-740091
-512045
995186
729976
-613701
431446
-759218
211321
563795
-141741
804565
-405136
408592
657576
127290
121571
-329515
-646495
-5586
999191
-380088
-3106
-8934
-139585
-279133
457299
279672
413008
138775
-38422
-192177
17520
162524
823875
-592439
-347252
624218
587163
533618
-484472
760685
-725814
983695
39954
-357415
676198
-639335
-354032
187210
-295290
438101
-632265
-310522
304161
-402415
-90179
-379343
95124
800893
-131034
-729668
-853182
885795
444396
850005
-821372
-535910
172162
-478685
254033
983782
739468
905389
555202
-848354
458056
628545
-358889
846347
-337872
-196289
229673
-581165
766119
-608520
192812
-431572
-574530
-27982
-131708
64938
560547
61000
764352
-457288
926374
-247698
-74825
-846427
412137
-627309
-822850
-898346
584356
-603297
-191229
-679014
-554477
-258213
287113
-721509
13052
-577360
233280
822895
-525600
-379640
153408
519374
-15426
404881
-290654
260958
661630
-72032
971771
-336085
5761
-536974
-204682
-166862
-342590
652173
-948851
-444004
-773207
468293
661220
558088
536812
-734246
-143294
221825
647842
-865473
-119252
-766065
328038
261621
983328
-923927
-113244
595862
353387
-656312
147075
-984210
560423
-244266
-62353
206788
946389
502853
-352574
664758
-448750
60669
386830
-531518
-622855
237677
-164215
101601
-126314
-810877
804630
-823731
-935166
32566
697196
506724
712864
128448
94821
-407515
-463886
930410
965349
-989481
-116967
-357633
116965
763080
227047
75746
-416997
-454349
366498
309692
143432
-692549
154712
-970291
904989
-291052
962010
-197148
-47029
193345
885590
427882
-943834
62199
850453
-526952
-920075
-885983
791117
-150840
-1576
179581
-351964
-27415
906838
514147
936258
443149
-138109
234022
612113
-363875
-771638
-35437
998292
495276
838749
-744682
483041
8936
-707914
-973699
82876
241837
965832
-94508
498258
850611
-965945
691566
182799
-648728
16017
-540923
930460
-682663
-499657
-78087
-213512
60745
870956
60852
989106
-201628
-469239
-107089
587072
155021
-305925
233357
-768
755284
-428342
182757
-776120
281475
787462
107549
20523
334807
843984
739825
-577461
-365364
538434
232595
200278
-618990
-122372
77677
943775
-588389
511436
790786
40537
504918
-92935
-35214
201586
33526
577196
614684
240650
-606741
911612
31070
256654
811890
229397
-503304
908405
10184
914436
909838
-504553
-900614
-290399
582988
-46555
-906024
665624
-737372
821065
539015
-768234
212658
318555
-319050
136206
-620223
260668
545385
-650459
-561177
479699
-841615
944448
-869557
269602
584316
559655
193031
-351484
-933304
-665514
824360
670341
-53005
529632
-764334
491230
-213905
256641
-386175
-567925
907153
-206530
-397718
262539
-239160
565691
-467968
498100
-273558
-239591
-741102
826928
-691414
956553
-266351
-481128
481318
167794
-15888
-597589
568989
-492357
225060
-463318
-520898
-353355
425803
975188
855963
-366680
-166295
367609
880701
-357255
-37171
-339011
-179375
-351756
-94446
-930196
-964353
-121028
120513
935028
-723749
-164276
-573804
-723837
-217484
-723671
-298027
9918
-939510
863526
-628507
424730
-194850
959059
-961191
859355
324897
648708
-642113
44967
-467698
851577
-960642
569798
-649197
522159
961371
-503047
-79702
789442
-988136
-827020
-842297
-949635
519863
395385
-50710
-965888
-591268
-582127
-928812
778509
400976
950762
151638
-222865
92962
147144
599236
-569081
-335384
481705
-963831
-237324
980131
846970
-392492
-648610
-627136
-107537
-727952
-381729
-316485
-307965
85682
402191
549982
-365684
-969973
-306133
485415
-501895
329406
-487455
-27064
-767060
96555
-655941
560712
-170770
470217
-371547
-441145
-788333
-544974
-697955
-580770
-85205
349272
-447242
965541
-492958
-543019
-979256
-511538
-554507
873825
359671
-571026
374993
231517
-246561
143836
-905398
-639092
740505
808754
912116
503521
-665491
499441
-272094
-128782
525396
-401983
19705
-984948
217384
173269
-148945
603105
488554
-576787
271206
523869
221615
-826379
649375
-743274
-318679
-681909
-64420
980066
-786098
743582
107095
-658942
-769497
581489
-673064
-684293
-189129
-511809
653239
937989
-231674
-89415
-926610
323229
-754231
392107
-841382
-347339
-404689
-850436
878862
986508
-386742
-504620
-933932
-794216
-60136
-328232
313665
-883938
-460242
-918895
-679820
-247452
-334208
-815254
846699
16767
124239
439256
285825
-304570
126639
705428
389768
138087
141748
-290812
-266753
251927
141497
-38472
-453264
980453
-444980
-435441
892393
455080
565177
-614278
553748
160023
644786
-417960
-861962
-23945
-164328
-263039
71104
951535
-792344
-767906
404053
112759
217413
304821
378969
952047
536605
944003
-261262
-520756
741499
905346
282655
183149
-949783
-246198
-78415
-929652
206336
-267884
-937495
-738865
-779762
753049
711856
-26114
264290
-289895
-459411
411856
-153162
107639
-612985
785246
-154566
-975231
-989705
-258375
-727495
287822
967688
267799
-985110
937152
280622
435496
624341
981546
-821120
613511
997984
267659
-812
537420
284918
184055
-608906
-962626
-824237
48534
797188
-515931
-558738
-533306
127337
49726
-561406
-512164
702324
-52536
469691
-442104
174996
-260036
-867206
-306474
890162
348825
179013
42065
576299
-871715
-592562
692290
-386199
-705393
77598
-673642
-981603
78201
668254
543069
603163
-305676
-937150
912367
-911151
112219
-228590
70697
-746267
687650
-767913
-130475
-455829
21887
411422
610216
-869312
293190
79851
730340
-704250
-572974
-340930
66334
-823236
22175
942395
-793318
-804488
-983819
-30344
162514
895684
931903
-282392
-205291
708755
-841606
-921762
-830260
47198
168137
-110271
-41639
-102560
443685
760011
-320104
-121750
338353
572925
692871
322147
878507
-515293
-21758
438112
300799
465279
-17497
745692
-805386
-228587
-359592
415636
621323
708626
-745890
-211966
476126
-643494
-620629
744947
-189886
-571347
822456
653127
-231055
274037
558093
-500795
-522017
951470
-704673
737560
-601173
902258
-798381
514666
421554
15073
794268
-656962
742056
-464429
523423
-245796
-732554
479469
-649742
77259
-522119
808487
-677192
-909168
104783
-920042
526837
-771929
-382577
726377
287077
453716
731058
-5874
-416391
492311
738590
41204
404847
80061
907985
136556
365836
-850669
-495577
998825
819705
39094
-98745
14182
619448
298758
-314320
309670
530497
-833223
532700
261015
12605
679051
33678
650896
-300834
-784749
-72131
-405959
452185
-922703
246045
-537526
996865
-381148
264902
467564
181377
379192
341635
-888389
371382
41884
-671430
498925
-435545
-31534
187635
-538996
-309598
563135
670982
-995361
-490252
-42398
211429
318311
912708
627489
763652
460677
742540
-867009
-569503
-736967
-8011
-106262
-508621
559621
651855
506865
948531
283631
742506
444179
-287487
-825178
-568429
419443
-283339
-702916
-430226
743719
-913789
-999534
778733
-579857
778890
897873
-655702
-349822
219065
717076
679399
843780
538462
962211
-966241
-213483
-640819
924507
-771640
-41341
231977
-614103
-402264
677791
-968366
-627531
-25519
199725
-198549
-76517
-186565
328949
178950
-295340
108156
-840202
-994449
297267
808998
-522822
-182510
-88436
801213
531909
190345
895983
719571
-436313
-393658
404882
661314
384049
352858
-220724
176134
-806460
-833441
81470
-556491
-369339
292488
880396
227867
998060
-180797
735305
679926
-584772
361736
681073
740811
-80691
773570
-493809
-594333
-43195
672726
931967
720101
-693339
-51372
-871986
165265
-427713
-346567
758333
-597098
786054
673246
54885
50193
897149
728705
-708364
945956
-862510
231279
-827243
776366
-282108
154570
530158
-45268
361278
-529668
-967357
916268
-433720
393145
807992
-735255
-171757
629546
522803
845576
749426
-42821
-240160
-390162
323944
755714
-842290
-456004
-268260
-975030
-720842
-975128
-244759
451644
539484
-428935
584978
407337
212751
568286
-972397
235639
-29366
591724
16274
-957019
868733
447475
-757644
897916
83429
-420229
-831988
688596
953879
188064
-849553
892672
-462307
715271
-598301
-712361
-189897
891900
-505738
938080
-478653
892458
-885718
-857703
-99785
13686
-857266
447204
-771638
-163720
-357528
824719
98866
-330218
732622
-976002
-287351
709823
44499
-183561
-753207
202305
922143
245386
-410762
624840
-95592
-852837
129499
772468
493564
-699123
-533524
-76011
-489711
579853
-874678
496902
112755
-546696
-425626
238371
782220
969066
-798531
-514200
98083
-207772
-802751
-843609
174859
715033
-431400
-95259
-529029
654037
-129539
-305582
498430
-362997
-309115
900708
897409
701689
272764
-573937
-36854
388346
-282066
743587
-78584
789352
893505
-306111
950213
-716245
71039
100859
824823
630627
877618
-205048
-840458
-667346
88616
890272
-732151
-584682
198870
138106
861145
-377702
254361
679520
-951289
-690985
274967
58091
-246823
366547
-780348
610145
-870513
-240793
-958591
-611417
-102828
-40506
631902
-244124
869328
-979410
351360
319285
-536742
-787415
-317154
-77562
-606773
-351488
-848859
-6893
-868882
-774211
286332
-180612
-505965
937692
716642
-555650
-135101
-404978
-62477
-469292
-878835
-720343
39497
-814807
-412289
989359
-830658
346936
-261199
92408
-14512
-84094
345723
-662401
427678
498859
945734
573639
355983
-279566
-455680
770792
239250
-285877
-876247
359482
-811009
954395
408330
634652
-301284
280207
-627962
122338
319420
516890
-520567
812633
993411
218121
126621
-302601
331844
778692
-405477
-558428
279947
669091
604926
-883553
223798
-562454
-12205
917647
-965058
-171933
-941619
634151
556435
907158
-770315
-453132
375078
-975704
-519554
-646586
-208384
-896306
655798
-9672
660879
-130580
99481
-595874
932866
532558
-34560
-568053
652489
461185
-302474
-894660
-759489
8399
-401877
-395355
-572060
-65322
735490
-372011
979907
195268
-866875
-908152
-793230
-667470
-165128
719753
61496
-759399
-478133
686914
915401
386933
-611287
585698
579628
464628
-378899
475561
503101
-824869
-327500
893267
-72881
-587402
859085
698782
506985
784826
775501
749050
-638543
12921
-93632
715725
666855
412992
-118791
-701728
306184
810576
-424181
-750871
283923
-440776
364112
496565
-203289
729867
629926
-837390
24651
670531
308538
760854
-669304
-60750
195068
163568
240049
110113
-533710
-359095
402947
971271
-140759
-349642
-162457
-304281
58757
-104451
946068
-65337
808762
-572510
-608687
912200
399379
276877
-57128
266087
45168
-796839
-118698
70223
264973
38843
566671
-307368
998268
125965
-456929
-878688
543029
642166
-463013
-715324
-735804
-616136
196566
801084
499616
-93162
460544
928721
343836
309344
-199576
-86213
-949129
626204
-43230
-767525
-374002
-700077
307523
-960111
-733008
848245
-525687
-626501
-201198
-827030
392216
792779
652249
302646
53727
-622844
-755627
661959
-568423
824273
-799410
376286
384112
217410
-459914
378264
733883
449955
693373
306712
-281496
-293445
-639292
-930093
844405
-679906
-202199
141560
-643816
339503
-745855
612730
492543
-390730
562084
-883781
550834
-440294
-920031
441814
-720876
357563
507538
934793
-422520
-830738
-697077
735934
772271
150422
289324
-266060
-427440
773851
409942
175055
-701487
-2166
294266
-154632
-267294
588425
281485
638258
-9799
-770443
958616
761275
579319
-904870
511211
409435
-739158
-458738
-862351
37196
97260
823594
-9825
-571
-631384
-596058
-286841
109605
15612
6800
753929
-178119
-341830
448745
-85080
-310486
729737
-110308
107514
266374
741033
-67428
766393
-376727
-871084
-117223
-187528
-230329
444223
-762018
448751
-988327
857024
-781622
492023
877346
-595319
-325783
758161
994845
963986
754606
259744
-333691
-833131
437071
811447
850240
-969677
-710339
879373
146537
-959052
-856129
760717
-756871
276588
-18262
-875382
-785775
-833992
235583
311952
-75162
-531288
-168031
873813
872265
530871
87153
-399665
392786
669621
920456
-580129
505768
164805
-433840
874411
-883600
426754
928703
-323319
948688
-440131
-837135
-230506
-370529
-259998
-246046
264167
-706901
-703495
89797
133207
-675547
777288
-210685
-323584
-370643
580629
-164909
10181
-81290
346504
386162
994443
376470
178735
-695040
695047
-97683
-128612
682999
633778
300847
-811607
421320
-604198
13071
12380
-23405
-529454
-813943
917477
-4477
-456374
-332980
26692
731077
-704199
91203
284807
721571
21494
348735
-201551
-912319
-995354
954307
-442057
-667662
288720
849131
644132
536376
-53299
-243335
-42788
-893866
-997029
-567555
467709
-203628
630160
73761
-975391
-702193
-212245
-729842
-117440
-167238
-947130
-479233
962419
-346123
-266392
-711200
-79149
-843704
-599113
-188126
-706880
908348
-416502
207390
698557
-674090
23068
-719965
-450887
117169
-67043
-401890
563689
-568905
-692253
-58395
643536
31483
-833857
-697312
-495520
3126
-173846
-440492
-939590
759773
250525
254861
974866
677979
663871
-439128
-651346
-273168
735801
-224582
-136947
-331483
967654
857761
818340
-447125
889126
882341
-115773
647760
-98286
-762039
-415081
-383139
724937
397620
893256
-218354
374761
604599
767939
-97042
-311910
-126597
-584558
-867121
145860
-182072
-822170
-270429
-756128
717044
-164937
-542469
-338196
465766
771714
916505
-865928
-510522
894129
824371
-975010
226755
449561
-481337
-451185
-599040
-65123
415253
-324857
-909540
-651153
-209986
-263710
944092
40823
-128777
279433
506743
300492
787306
757509
902398
644831
-205015
-141580
777831
-148553
-633521
786456
-509899
82390
-48203
-892020
-354619
-112965
191822
751891
383670
-829567
52384
-470135
-198026
-418651
57823
838651
655462
950629
-247000
526418
500009
30915
440407
-281686
-420978
683304
-957051
-776383
-739433
-549210
334497
-99830
-539098
654166
252074
-485535
-622909
71648
827014
-477094
698252
164633
730754
-875214
-587846
981319
-498457
959463
662731
537983
856757
-289309
244818
751791
-428161
-238381
598743
-669640
990434
361239
945516
-850381
-524765
322386
-273203
258517
-943132
592160
-342349
333805
481155
515559
-381387
698378
-550256
-592697
-366757
-514375
-396824
-515541
835009
-775189
-131470
91137
-17435
-628874
-958346
-567418
-508787
761650
426773
-117830
522071
509892
532841
72307
725087
-316937
949562
654478
165638
237638
73049
129600
475493
76278
422045
-652406
108623
-401056
331511
-839733
799227
-252468
-976460
851183
-949546
259833
188368
180293
60516
-422214
-71311
-27153
-761649
329402
-297465
178675
-479090
-382880
651133
-103058
614323
617805
-948580
-764825
-43055
741890
-975619
-364607
-696313
484255
-757335
134603
-781138
-330425
728015
681330
-58981
52127
-479200
-464746
377489
-191628
-462517
-56839
606534
455420
-287216
554324
928400
-134604
71555
793860
456108
578921
-359328
787937
-644693
-122925
25605
645295
817402
-777509
-246128
-932050
934796
378878
184725
-476468
214310
181321
47868
-271621
229702
-261628
682614
-759140
785329
-747157
17050
-317670
-184168
630167
235808
782484
-238490
68604
660920
789298
593705
537995
735880
804889
78362
-42632
914113
927737
95691
443030
796764
245059
717164
376542
-619401
-121096
483513
-472434
413638
-456547
-36860
403310
-392009
437323
983770
-723283
342694
140003
-593067
798698
-557894
-699042
519166
-904624
629466
-55998
-571172
-568615
602704
-211408
895773
-616013
-941320
-591206
-214048
542015
-946140
-245357
34589
-314954
-56048
-716097
222130
-444954
-895236
751081
-289141
650907
83820
984499
-13972
289177
345080
157416
557022
793156
921296
-633106
691380
-109342
355536
-266665
-730568
-705927
-937668
-347114
-374409
-148013
-543208
453966
-107482
336800
535591
-360634
-433488
107450
-733442
347897
388957
-152701
709827
501451
349984
-256150
729607
798165
697341
62349
-997314
389217
-458219
-390151
-831657
825457
-453937
355212
-280964
68730
672037
359035
630120
209198
82824
-586256
597727
182647
300913
526284
393679
-708481
858630
13066
389505
843244
-997788
-885821
-725380
797865
-706417
-464946
-652810
-336672
978932
-508417
-686856
-686844
708886
781200
-985331
-262646
712797
-567522
155814
209847
-767880
-497974
-841075
316820
-812566
-755456
-812412
732671
317624
733268
185338
-229412
-878034
380424
65513
-516504
-355767
-768086
-208049
-449874
404804
514906
-286522
708626
-967742
146858
850242
166026
958228
-133218
-249881
383725
-323672
-320814
-865147
-660125
-628977
-69573
367665
370044
347945
353797
452737
868830
893295
-430052
66403
314902
-64291
-582969
-612710
-400625
-2310
160110
-216234
647968
904709
-539652
-822928
948671
354494
179807
628799
-736685
-486322
594348
387993
-478552
-432812
668000
394090
-920836
-869620
-728766
241258
-461130
-602466
-941724
875774
-229450
-548095
-177464
458285
-792633
630026
198942
-139843
-275535
-100331
-83285
455786
326508
330958
450246
608450
-59154
631709
338045
66464
580645
697900
145236
-183358
385537
-706026
-578003
668553
-855256
974637
-941757
899790
-421555
-305944
-688304
-216356
-165989
497767
428495
95501
488011
-353627
-252580
508036
-445739
305593
214071
234756
-603966
129993
-698649
283883
-242272
495499
-499973
-655921
458512
-210567
-941460
910772
-162311
-401007
-673506
259942
870495
-814522
493445
117369
-119090
392454
-680476
-119589
417904
497513
652977
790163
-29634
-309773
-354539
908440
-473005
167814
144783
562000
-713124
783719
140856
-558684
-985172
-471701
-275167
936764
-397716
625981
-392872
-914340
714736
735695
840842
-852134
743332
652123
-358846
-657093
-291035
-264555
-53936
-38550
519916
-444305
600516
-609004
70181
-145272
756505
647075
495518
661298
-905360
-803756
357339
-953954
133361
-43145
430022
-930649
-609194
-811581
120067
-61513
695555
348883
-673054
-146982
352845
276033
900206
-97827
-173221
357981
497954
280482
-538198
-142837
-907333
984323
-65238
539958
-760663
362721
976390
779765
94495
-585400
561537
-188360
198601
-619840
280187
924590
869789
965811
743572
882359
901963
402166
636263
693121
-232242
471670
819319
277441
614692
539136
492840
843536
-881254
-319956
510564
383584
-938047
505191
387934
11929
-906883
146076
-621453
-251692
325819
207487
-845524
86963
-688702
-208138
507744
745947
872995
132387
129015
811023
-776117
-354030
726345
-314134
895543
-438404
928036
129464
-400058
-756042
-354451
-370446
10410
-503623
-479779
652117
275448
796878
-104595
267806
932960
13526
-896179
-531356
-509066
-901453
-851955
521489
304558
863575
716511
-888066
-683289
591719
-640781
-715605
-645986
797707
892674
259352
-915261
-507563
-397209
578498
-628440
-122549
-397081
-237379
-128490
275603
-589167
39402
364538
-649670
-703
-642474
794045
94752
893118
-82768
42161
573956
-761725
414948
-84057
-781272
-115941
932568
81181
-500191
803621
-329790
-268268
-443587
-758153
552356
-968448
826896
-376993
796261
228313
-410339
129413
-891891
-233393
-74466
381804
252189
-618854
664177
197783
845577
458223
413727
523464
928083
-180594
13449
198372
849861
-539144
-34767
502002
-761397
620607
-315102
372290
571243
-923659
50557
-142038
273761
427206
-540766
726508
267611
-43998
780663
19251
122829
-903406
165336
-337348
843634
760876
-220389
438930
408161
-421726
-330818
87025
435400
-649612
-139600
-133428
-148921
-207930
-264904
-5014
-305045
727884
-618490
-354773
54341
-960159
-113707
-214551
-175834
-586441
-610759
233594
213754
-793943
-145526
-451119
-3393
-974291
486509
299204
-247904
423013
65532
-42136
571570
-965676
655761
642712
-285878
-463443
-425420
-794347
-712712
-27705
-299234
-419257
-25947
306734
-637974
-634846
-506683
888403
703959
-973020
-994632
188259
280764
-461318
654915
-275019
745353
-260030
663333
195420
-118923
-839572
-323367
-52516
-341303
268474
-469016
-875526
359369
-333978
-153113
-574420
149562
855650
782996
-839888
-610923
-527302
458633
-546759
738118
-283882
-314981
-742589
820769
-745509
-182318
-922104
-794654
-13838
-668540
414091
6239
-952160
-177008
269009
157260
465300
640052
72623
-210517
-877184
22540
956735
-370226
-527009
97448
-650772
-652150
-235564
-76984
-123603
96122
627379
-288074
907215
701549
376729
179136
-748822
-812051
34485
121553
-555915
-214419
-378198
989996
736758
645518
211341
52804
401234
887566
-989303
-968518
613826
-436787
249762
716275
-491930
-224259
-625898
-890539
-38797
-92570
-347041
87199
-749047
-287916
552918
-740381
-521184
-949346
263281
760352
283680
864083
273581
-166656
-634609
-356606
-906105
-383190
-958364
-23002
-766172
-352315
692987
488108
600848
-243957
-321630
-976861
-801629
721669
496464
-94209
-583168
972648
-35083
-629366
905399
944780
-484243
291560
-10486
113925
324494
-6331
755277
-247456
-484384
114461
462694
-568836
136428
510119
253428
-628862
-340563
365407
624652
-235134
-290396
-194001
374815
501291
330887
-702535
-116489
-338137
864409
-284989
428512
-570479
461717
751040
387683
-537836
-591420
-170761
-720210
-590431
23726
576338
60431
419660
-58771
-165691
615583
-480060
760476
787673
-963972
-763283
826863
102484
955694
630556
-843299
-290681
-685013
-132626
-884233
163252
820853
-429883
566108
-576615
904929
-282400
179013
-733282
73076
931094
-23364
580118
323302
-843601
266090
-577355
-731320
372575
876045
832399
237377
6368
-538744
462537
904948
329643
580756
89438
-35203
909138
695445
-584560
-760293
739197
-309497
110825
-511000
271871
-109033
-680340
447554
758164
-452786
-855971
224206
-150855
387688
-408534
-940525
-538072
643011
-149387
-632127
946671
-333581
694207
389141
619564
708594
589490
505812
88295
419701
-574070
654068
507148
883033
40354
-654886
819203
-68
-625641
549822
-533138
-721111
843547
851372
-843138
-498837
2648
-137821
-145933
366082
-100098
556256
742702
961076
381163
777141
541428
48698
-633098
-353902
576705
155931
998488
956325
-689978
610327
-742472
603806
-355966
-985799
-885678
178571
-18312
594063
986563
-52125
-31214
355318
-634637
-859106
480658
-928369
80031
-528127
-64463
-340402
391426
417400
-720426
544177
-984033
-488805
-24588
-846323
-613586
-327469
558336
-414973
662944
256022
114574
-162926
-725807
858573
563719
-797241
-587702
637527
-237047
584079
275375
-756825
-962085
-586451
-905269
177417
363019
-887738
-880842
-810622
-579033
-140775
689825
-752812
-643820
622669
933822
13088
699662
250851
178510
-222810
411580
307915
-838840
403112
-324881
-330350
-173789
726126
-269961
450232
351937
-323998
939170
-728928
-865672
279899
-449966
531616
-216899
-167433
118458
-821448
47599
-577119
4661
-151200
434494
522034
9538
-234886
-378186
887731
-922464
-734361
-223124
863297
-185342
-987850
-175933
-778231
542064
-165514
381403
949363
317626
100524
-531817
899676
-20583
146784
909002
-15749
161379
-574894
-591234
972901
-902422
-926518
368352
-64085
-336781
351373
161227
-95583
833742
-770709
-547857
-779462
131479
-608523
-64354
201615
-531833
407885
889267
-401538
50039
-922858
972447
355951
-236685
878474
-131311
543922
-722953
-41943
-12607
168836
630601
-605425
-628134
-678863
-144142
-530337
-873726
38867
-363942
-431653
-532345
-337864
846335
-681578
841255
-873375
-60974
-754240
751612
642727
-554962
892704
-730494
-231559
-837515
538145
184903
-220864
-856631
-376317
78894
483
763876
12466
-897569
-193562
-829163
389556
169806
-556499
-968744
-480965
122087
-883617
-319984
919386
58835
-529946
-763677
-440363
489706
-260206
-727502
-74991
286389
-140835
-461260
-33878
794654
143561
116014
868259
-738761
-414874
-549039
-84040
402083
110192
-872657
195280
399909
-148204
-182565
977806
-952125
756307
-943459
-217465
483734
114048
369231
-678386
-650703
776291
653784
-969558
39340
-976768
-230206
981289
-921652
967281
-718855
73038
483280
-980368
-96350
-635739
240730
179185
-671083
-518920
-38280
64108
357881
624474
549199
311992
-300933
413280
137443
-162029
141355
104816
-936955
-715586
-386829
708401
771930
-622267
-66252
-370526
-538109
826589
-875394
-401594
-218002
-190363
-110740
4989
-943175
-861425
438426
707567
-58178
-684776
-702907
-497631
612799
-164813
-934019
-377303
481583
-654076
-915447
783614
-347621
-384569
588247
372457
-811469
334353
-60386
-501864
170105
687919
-407918
50129
-243963
-872917
-103485
-891580
-155150
320621
655891
633849
271593
-832643
28370
-202648
-804280
-694810
-853000
-343897
-124562
451382
354302
-164546
-793178
-61021
183257
509718
-180691
-300856
656404
-121200
-446879
-686964
-783352
58547
217225
-289757
-931525
-529539
-941509
604590
22739
312538
920430
703102
785589
-926158
-781412
-763914
-253377
-359907
-917613
415502
557342
-784974
22873
162804
652492
-987651
-748358
943181
242985
-906098
694896
20121
-813643
-491218
-303507
-407884
69480
464557
-92217
-648200
294318
389463
-330304
-272512
748162
-741243
-66063
-554616
865958
-132145
370835
-237328
-844676
-849825
269418
580191
-177147
-766239
525775
836868
525555
991510
431192
-490120
-553492
669448
513318
-528705
170078
-721320
-77110
168174
573433
-164557
-823468
368102
-295218
-466589
352890
-12482
317186
-564351
-754206
-168513
120878
575561
529036
-562168
-802601
-619514
-374177
-228526
772101
-748372
-317617
694734
709250
772356
-333145
-539733
-734032
268546
264696
261940
-455161
884658
938526
-413803
632235
-928559
210411
-267587
305574
4984
-159629
-131617
300487
37107
316788
-834028
432662
-436688
193503
-457573
220146
860371
842887
560320
-404023
-411162
-578587
-203686
180340
-536786
-952698
-18323
-529235
117657
809874
20464
414766
-962477
-690951
10794
-755865
-822409
-807365
242230
29786
-412957
-459692
176165
578711
-332252
-753981
-245566
-318641
-735088
805558
546416
-443752
260851
-868140
-873936
-746948
350433
-239834
-239809
271038
652843
254883
-512932
-972438
-986132
-951594
551719
-366056
832579
-39634
-216667
-191491
-654053
-578974
223200
209325
367397
-497793
139308
-100559
-656537
591759
-621564
533952
-158738
-720281
-280046
-74210
-996321
153102
-571955
-119410
-99156
120261
-867523
-302731
-730718
849464
-160294
529933
-858210
341311
661650
391362
408224
291281
818282
184109
-912521
-450682
-373572
468522
-9380
230854
-999906
-557288
-9189
749203
-321437
-549460
-733076
417137
-936261
-792078
-474528
275566
693494
-793502
-740233
52049
345829
203163
-1714
-535965
-996127
-545090
-36363
-565676
820837
398826
398687
297932
-288554
-625969
452339
49168
440292
-356751
802495
-718772
585224
-889605
-202548
82947
-171987
-694467
451212
223376
-942741
-890044
-348432
387031
178414
-160491
-844266
-401266
984309
-515835
-205024
251170
434423
200376
-442592
244807
126688
773940
923439
-144481
264824
7969
978845
-767226
-300443
-887265
-127934
-104968
-959545
690372
-373645
-938721
-202367
-519887
961296
-463875
-908648
402128
-670021
-357581
-443469
-601300
410019
503020
-4286
-308116
927230
-459799
-739268
886125
-719723
-496471
-4992
405755
-26887
514228
-402723
27436
862035
403460
-949075
876250
218201
-168175
658716
277051
300253
-93320
-637050
79391
397055
587591
404094
-601531
-868605
913255
69484
-199463
834237
-816730
-538546
952590
-825943
317793
-470625
643156
-934889
701258
867284
832054
275203
884188
673411
-911021
-952445
-579496
-567009
84343
-813223
-662534
-385826
-136106
-348504
199869
-696901
-516252
271684
132424
918423
-829868
-820318
-200076
-911749
-526677
579438
413178
-336904
22015
-697156
-511810
58799
-47023
114006
591410
931053
611716
-799436
194536
172142
18170
430089
-660423
-953533
749642
-387974
-320885
252878
678431
750057
389825
-204695
-699984
773872
-647483
284198
-999337
867306
943403
479665
222673
-974037
766850
496466
-504687
186191
-177860
461711
829377
-898128
156983
505070
-481194
729329
-731673
-93608
-939698
403895
-470494
-850663
-7159
-75016
860936
511876
574145
329323
497421
726324
-378456
-118113
-404443
389357
-163683
-326744
-51189
665632
534154
-268557
-170835
587533
517724
-136773
5175
641411
-168288
-368492
226490
49731
297527
-827739
-70535
611971
-361035
-811405
41552
379150
536540
-177704
-92862
-67704
-483408
-654190
112029
138064
-744393
139255
-439732
432894
-536241
131527
29881
692235
-331989
-324838
57308
64016
789228
851832
571493
699687
-232488
-895097
310530
-228242
-727367
-673825
-867891
-59222
475092
-937350
-890538
-905721
-694779
851271
-359864
299389
-850956
-519715
-952390
-65073
-591882
256460
-67308
-868434
621698
-689392
148764
-609414
830925
469279
-68068
-728152
178565
-514015
-112974
892606
749735
800832
-734796
594171
768126
-982379
3773
50965
-663239
760897
-603431
253466
-124633
104221
208457
-213768
303889
-458615
-346381
65944
-193868
351457
-603415
-206556
906329
321038
180884
942314
-564845
777400
-990852
437336
229525
58009
259639
939303
-297171
-172435
-301843
623253
-134303
145670
-127869
845258
416292
407803
-3092
406108
946613
-882304
-594808
-755474
-252395
-636463
868279
-149901
969123
-498871
-499713
700816
501077
861967
303318
770976
-175339
-663057
-200564
564305
-172490
157383
89047
702571
-343407
-432872
-328579
-182991
249280
283196
-980328
-368160
-225290
-292425
91913
-288556
-445446
925349
249596
206666
-97218
-621997
-146925
-303936
-606304
699754
766769
-978823
-303556
-334522
975846
42397
-158868
-760090
310770
-780804
375005
962043
56312
985587
804047
653859
563008
-352665
-965016
-943569
557865
-438417
841654
23456
253097
253838
-864192
-767311
62722
647837
-170937
178958
-866940
961480
16926
649250
385145
881967
-819805
705934
-588752
-267604
55257
371381
-490071
710324
-722653
-120332
-813350
452694
-248673
645103
711964
520417
124061
-698361
705589
746531
73915
-453273
300546
387787
449055
478014
642753
117104
-878513
-941305
654841
-312022
913968
-959229
-684154
64094
-743911
-228279
-446523
-410600
96915
-906765
-733224
-703599
591279
907258
-47466
573391
-961916
774812
-336238
174444
254532
-220167
-401338
-467602
568570
942398
568669
-622763
299363
-887688
813082
727476
-532122
23690
599144
-994697
809520
201914
67198
479427
743664
-496411
-639314
583035
-529620
-208045
436811
968414
-451649
265893
404917
821581
285551
-653589
-381
382762
315439
-880174
-271925
731741
323694
-827782
-331760
-260880
589849
179430
-938807
935258
-709708
508557
831498
-256423
-391408
-336243
265810
-707336
87082
733311
-350224
-732112
-371424
-659867
929554
962219
604497
49088
953707
342051
-971249
728383
749440
-805783
750339
-380399
711568
-820478
-757090
-369189
980894
676844
-888776
-482490
703004
-275202
338759
58543
-66891
-91539
-288196
-936574
785207
-775189
248957
93217
-922596
-286871
440187
-674435
-483532
527102
566257
-635192
-837392
718688
-658248
-471999
801101
-770034
642632
-422098
853722
199312
142927
-888344
814568
-454314
-749337
-212976
845902
208830
357496
-167584
426070
-258895
451626
-243044
31432
87661
594820
756262
-173424
-422435
-999002
531249
472462
302627
-256737
647310
950395
-407240
-262804
-305374
-258829
73643
-811634
-167175
-909917
166149
520135
499827
-67057
633166
-213904
-575460
167936
650024
-332678
675098
722697
706072
493951
-418497
-779595
462949
710660
-532418
441551
149017
-133810
636539
382158
-304860
-102307
-429829
490074
775200
-501879
422651
652415
-879440
-331464
496540
-602131
-324351
798394
712251
829161
-419214
120129
-223393
623188
-743216
409728
832332
208726
-414662
-307362
-116044
323495
531108
974295
-909043
-280582
-317194
-79760
518782
-305530
222676
329813
403955
644274
676217
-272624
528847
-884388
140092
-542104
71745
218566
163637
-879404
-260816
472221
-615047
213658
19920
704551
-87296
-597367
819030
789001
69032
-6577
-665656
-42061
206547
434552
-304019
978281
-384725
875268
986596
876782
-910459
666531
665681
330703
455523
499983
-710734
71625
735380
668934
748368
-92840
-922762
8291
-914224
-17699
-755620
-566568
12905
998890
-127350
975434
-478032
-972882
-354339
944457
772494
-914056
87944
-866261
-404396
-141719
250872
82628
609381
20667
983641
-775869
296209
-168408
-967502
-340820
-700285
60408
-42452
-64403
-383792
822698
252400
390176
-77905
-342850
-452819
-665636
-40376
-384227
-71751
-692424
-954587
195750
-269745
54749
-759867
847062
-540297
-463417
877647
-856941
739843
-846824
-943388
828053
737589
942489
825485
-102798
915454
962382
997460
101572
-24863
900148
700142
-272648
-483978
785945
-201195
-831818
500875
-538600
205172
590184
-772891
-209488
922940
-10006
170276
798465
920148
-648628
138820
-20574
472749
-830394
13376
213409
-315469
-735047
260049
-386536
-99489
400862
570452
-213656
-179735
292621
755401
477589
915227
-469460
829687
490430
827201
516274
444846
-912841
505149
-802345
-230492
-323899
-219209
692698
284545
441333
639345
-515090
151670
-950375
9400
-963774
722824
329056
-907914
63532
684651
-337007
663653
-633615
-702839
-210972
-901922
-585165
-563550
907005
199247
-48008
286349
-247163
29771
-894637
259868
-830745
-436164
-225743
604957
970660
-916813
-942271
333821
-356140
563808
348801
-563064
-230086
-490083
401506
466507
-108926
-701148
42903
725147
421529
-413854
382335
564142
338601
-708381
595373
262630
-506448
-499476
574480
170798
272956
-619737
9796
580093
-795195
-295815
-869516
-330376
74791
-320656
750057
765492
681274
376792
700340
-868327
-11504
677741
500468
407010
-358582
751146
-290107
410176
-538473
-355136
145221
-535778
80586
603042
24900
793344
-795497
-222147
589576
-54267
-214037
996165
-300103
-972405
629861
-568533
144111
106225
286324
-584662
-524969
-664329
-763250
-461055
-270084
-345790
230409
-323013
775864
-43523
759322
236842
-162762
-234599
-499863
495858
209698
479796
-367539
-930239
242800
-238441
574505
191132
964806
849370
-307102
-170667
-225913
610594
-343300
134297
-26499
999179
-741424
211493
-622558
-833504
753772
984345
714379
269063
-923385
-634651
-179214
297402
401823
-521632
-793506
-988176
-154319
983287
690929
-816230
-916204
-218622
782414
-662775
-472973
244914
621605
813868
645221
699175
-585124
-58121
21035
158622
-367141
469984
273669
-128696
-149132
-441981
481329
-908107
372846
801638
-954239
-369553
14509
-97194
-944872
83236
311679
-61328
-605376
997755
-321403
-210756
589675
-176761
-969284
146931
-655291
972505
540839
-482335
31602
356399
715803
-974747
609257
-437173
-372058
-907498
340588
119263
-792675
-264448
97571
-89180
-148031
-198644
439508
-844278
-957043
566141
-257982
-334198
-518881
-339561
-969697
164631
977984
457178
-505426
-926926
836370
476652
541434
-5731
538197
878100
-441684
-121817
959702
425186
933901
648486
301428
611309
-274279
-674813
-587952
-170955
487228
948335
13840
-603226
581676
-531020
23248
-261186
-567198
988070
-883929
-654267
27958
-542408
-321967
-106053
588822
-956885
-617090
980304
436706
-243744
-989002
504461
-432537
-715953
-215321
-265712
873847
-94064
-500979
921204
565793
583319
415484
200783
361491
106109
-660531
-305451
675208
-449799
-700061
997401
50287
848365
-528232
-642060
-146406
-534627
693257
-881538
775583
898810
535931
416185
-741553
-532452
-589591
239822
-975280
277967
-442453
330863
-375974
-901820
-966332
185051
805386
-627735
-3000
580608
-965914
-438189
-564376
-74950
860270
905430
267292
94522
-99237
-92873
-23188
865666
-728969
273529
928730
-176116
502168
-236589
442735
-797302
-697286
650563
-999583
-60471
867000
-857028
-913315
-952529
-744921
584827
984823
288227
-175537
-140040
-122964
-891381
-15929
-222601
558224
-2000
849580
-385987
-114536
272063
-108546
-585120
997382
260521
511127
-196168
158701
-562647
-448440
-251790
560224
-268891
334865
517571
-791493
-973394
138621
580152
-843251
535586
-35688
512172
-952799
15857
-199026
-374316
-637400
-467460
-666270
214644
-270076
-938087
819143
-62412
-550349
-848589
-332258
-816115
-586922
174607
168845
-250786
825053
-796503
617912
-781541
-713647
845117
594975
342820
231998
164193
-605292
356148
-810693
-851505
51415
-266896
423704
958529
-178480
-821217
-764126
406005
869736
364281
-61675
-16944
801796
-696680
687519
363679
46622
-320373
-103795
845176
-557182
-772598
312724
-769729
-519901
-696381
964286
484804
-444648
-741037
374896
-46198
-932682
683984
-112492
-407005
-641974
822915
-683673
-21450
-606989
-703437
-435872
745251
779674
740252
686012
530621
-862064
-734081
-802781
65846
-219326
-379693
706296
-639079
-823781
917273
-360510
-938128
-382346
-639155
961970
-418299
237631
775800
-415920
845894
-332763
-107550
52934
425921
618877
220389
708937
-637489
-630730
-363043
-519904
-352434
-739723
791996
855890
741127
957005
607290
-385424
309806
-635620
98217
454396
449415
289541
718310
-526219
-796507
359685
273388
-410624
-840371
-938316
-923134
595381
-429190
968347
-763371
-58877
300666
-99668
68512
200384
42038
-89502
316871
786640
-919537
-200074
-525308
169073
510435
887611
-834952
740386
783662
992278
-329757
-105170
659789
643998
90927
70873
-177442
744780
-702297
851493
93636
358751
425925
316609
-419001
363983
-60120
-271217
-101160
-650645
-5212
-719535
-694671
143121
105460
820335
-878821
224522
-291574
839271
556041
-38144
-200441
903889
22882
-976868
185670
-619122
-216164
-948544
896787
-388211
-985212
-173218
204154
-411463
133082
46067
-683207
969731
-263400
697508
272343
975111
487123
432371
-762034
-87075
-69701
-913762
124259
-528769
530365
-212204
-963945
-573870
-380857
-689772
379446
-631725
178731
-114715
-82548
-51617
-894947
-141652
-818633
-121954
842583
-753171
285080
-394226
25948
399265
-877341
652968
228056
-116881
368598
987440
256294
-539765
-86265
336670
-610580
-639832
773077
704036
965857
-985573
-460928
36060
437039
257421
-66859
15632
998772
-578211
44034
351781
-316958
599824
858248
-986076
716933
-949387
640205
870118
599844
865498
-639919
-546724
-192575
424676
99577
595704
-827076
286735
-162041
236476
619028
-510397
988331
835549
-414388
407567
-900174
-809453
849644
-873852
104285
713344
346398
-653648
799053
502842
-542855
594998
-810983
-841609
794588
102023
209922
177748
-45200
-106689
-819778
65218
183247
-281698
345456
622094
419267
-678239
409657
339083
101286
575804
945128
-515875
689257
246327
-905523
-167707
506545
-274526
-510677
808900
-731876
79606
-957621
345998
-868446
-358198
589997
-841459
-839146
516399
-87206
-157393
395082
29736
339541
-180083
-318638
-401207
-22608
549400
-976670
-94485
577466
423266
779217
-708471
857686
23558
163390
384954
-671769
11190
-251055
-933173
863335
-967073
161691
902136
448151
563451
-793065
-389689
-882352
163442
-183470
72706
-583687
-718418
298278
222671
-117358
-928838
-900062
899053
631916
236309
665990
956941
-814597
144281
5481
940491
-501052
960131
-65667
638919
-708880
-815074
-224789
-866204
-135421
886161
-489128
341277
-270042
-830527
706953
251391
618912
664292
-662109
-732473
155107
-80860
161547
-962792
-396605
-654357
811116
-930344
-965183
-240687
-81449
392361
943622
353952
549124
705023
917483
333184
-658506
568163
101045
920260
890813
-807485
454622
-638513
877077
522739
346254
670116
357932
-103484
392873
253962
-504511
533183
367489
-737960
-239384
-533121
991404
575074
545322
-662488
-424079
-220288
-82743
705160
205404
-9288
-213344
242760
-160527
267527
-646359
816334
-462595
60625
-703207
415923
984712
80482
-622810
128348
-727194
205472
-905368
603191
121325
-213936
-430371
417428
980288
-476159
925831
490013
-716342
-244968
-602064
-219916
-6073
-940039
-714802
123111
31612
-590257
231553
267730
786567
-576263
-633032
-670830
971857
-501230
-369676
424225
485279
-990822
227493
969683
-840760
643910
-331856
-638932
321025
83680
-876398
-552100
-896428
-134820
-170850
-243624
-185425
-477447
372962
-482539
-447463
-914160
-427864
426723
-289281
-885635
819096
-56091
-736979
-326361
266363
-522711
-648616
-24403
-535910
-53400
-225833
-700498
465604
-743461
965746
-751179
-355089
-551753
767955
-550080
14710
564679
-173414
152939
-874879
-924763
-600180
847038
-385021
482069
743659
-54000
958812
883582
-835488
-953195
477982
-759290
-4715
-423541
-362260
-438967
-777249
-602754
-472578
731061
178841
219315
164034
107013
358028
320311
865821
-945065
-468982
-583932
-113713
692844
-754406
851916
-798347
956540
716237
-917147
-495449
424372
955183
397906
541761
-612787
682713
-119830
-515392
-95926
-732892
-815192
261442
871246
-247176
290190
-442065
-689385
263746
410806
873591
179355
-798205
-578314
-581519
-415043
-498427
323119
-244125
375340
447914
474546
-393441
-418599
5469
-253488
805578
811026
551081
267645
-35528
-965568
231272
181024
856179
782777
-687085
394490
345051
124995
995641
-858832
-633113
670502
30219
160758
-882423
-449427
704276
407514
582576
992441
3589
-380629
-826393
632385
201134
285828
-929381
-856983
767369
-215176
-289799
-19586
-365711
340187
-721930
824204
26992
878507
-148248
725596
-958539
-351718
-898863
-76402
-46300
-299591
-254275
84431
994952
-949182
-648383
545590
-446236
143234
-652637
-917824
217319
-844703
-661224
-691738
-85891
906384
-906968
909145
952450
-153011
324270
-488614
535057
479958
299259
-73417
-392453
-304920
632475
-495259
-769324
144626
683183
-349513
-629337
726619
-164999
-218183
416329
-325523
-846345
999339
-771893
-820516
-849114
-419555
-778615
-129289
-583449
394148
-656289
-977686
799871
-289482
-781317
956589
-898119
-785369
117582
-485235
-558938
896065
-300259
-897451
147077
-813703
-2636
-656615
-73155
266324
348857
567070
-698618
375382
950046
929513
94120
-354014
-744144
-24861
-240804
-731597
-564147
343333
-602161
501813
42802
401382
602052
-68991
-632846
266750
839768
-329420
-600573
922518
-521375
-34325
-91405
-641297
786032
92700
-657352
-14901
936310
-660332
-427868
848891
514691
230409
841335
-41210
559913
-358821
-694257
-523661
-460161
-766356
-870086
-628300
-885182
827416
533804
-55761
344597
100179
-422132
-566294
462697
-503970
602664
718673
-705673
-574426
-914487
639399
-268182
-701127
-947550
-428921
-600293
-232859
854626
247574
-376588
951279
-641175
554696
-47499
-687251
965142
992459
-787115
-66367
810175
409875
-431168
644274
-158918
388099
-513089
421160
123544
-642635
218934
-702588
802418
114406
-32762
95642
-215077
-600447
784467
-534964
834677
868550
-549664
-234172
817951
404119
-762731
-266035
562636
4063
419235
668110
441711
915743
677054
-193819
-825198
573591
543753
-672100
-894330
-413171
141456
884939
372405
-316355
655726
-104438
632723
-20387
623247
-450864
16051
-257205
-365808
33709
857718
-19627
-857021
-817504
360926
751653
-277938
-190570
-128896
169671
-88078
935552
-124008
-85160
359658
-794609
-312009
-920114
-974102
425231
470551
813534
496198
322269
-119153
99982
54708
-616186
-889695
-450473
-63958
-399106
700977
-147594
413793
-960774
752593
-331825
-600836
-223894
-359881
-81410
-384575
-150506
70480
827004
367109
-773548
391917
645355
-832473
-806812
117019
-909569
-674254
641000
-510062
-895608
-32730
-714494
-971965
583199
-606767
-754164
-737260
-200211
241750
-525073
-846424
51603
599247
-912608
725207
-340039
-160753
-985795
623933
-795593
-32768
-916544
901230
-240423
-284629
-946723
989511
286930
-440361
-809730
785632
-403519
-811960
152409
-749283
116440
753064
-605014
-498460
4655
229252
251282
-907671
499492
428909
361356
336164
739436
-1345
349064
57188
-566853
439166
-575706
871293
243212
-457125
-861936
-660963
113037
983
-458124
481853
205610
422655
-699875
372147
723253
-673963
842029
638307
808879
734159
741625
-677738
88630
149368
363137
213987
-874358
-982603
722058
822217
-830531
-696541
515802
-908833
-822025
273947
-931697
-363614
746851
-812969
-803555
590574
998842
720558
-787614
609800
-244758
647675
245352
-466344
712930
-536804
272950
-78668
113917
362518
-474925
-510121
-363384
-418474
649432
295024
142066
-798574
687153
93271
99471
173518
-249232
789210
795401
137851
-345523
214582
-333597
272954
817854
936737
-418133
-792898
596527
-322044
-288964
964303
-57633
29382
-715091
-46102
680535
428996
-771110
-83067
457735
867548
138381
777585
-933890
-818647
913608
-2727
332101
-491959
-546767
59879
-591527
-322343
-228454
-263802
329156
896002
-434516
820674
-565673
-856403
-935759
563531
885638
-9134
-263685
345112
687840
349806
836339
-905945
813609
-596333
-403391
659811
-551915
-512231
409237
-32481
-884060
439154
91153
33599
-591339
603163
675795
855159
-359288
904751
414882
137770
-486605
600982
-688332
-28044
-365376
-864678
626969
150339
235202
813722
788040
888992
265043
310551
348996
-171892
-58293
-681749
723307
577413
-782177
864602
559067
41640
-550189
-251711
-340607
644720
92573
-824533
-889920
-208356
-781544
41987
-763974
500655
116129
479587
618173
-923119
-947886
23051
-453043
204499
-78567
876013
519882
564752
910708
624100
787774
906863
117963
-994427
918981
-339132
900841
852110
168089
-677802
-76135
-225924
271033
-735813
80345
-694472
100022
-636064
-933315
551409
260634
164389
399843
554629
-612619
47397
-142321
-746088
476933
-76141
-405789
147400
179969
-389825
17212
-910857
859394
480440
486315
-277049
-712177
830604
-842354
-835676
97603
-800469
-674997
-558598
255261
41578
925224
-767096
-608412
-601053
837578
236364
164277
935033
657097
-186338
-546517
749625
957932
-175527
-881751
-9764
992774
-948941
88902
-397911
927084
823214
763990
-370825
560913
-496473
688017
-437616
-344895
-574708
-847133
-590798
592630
-503509
-10417
633135
-732326
875813
-560384
538036
482138
-993023
387566
-465882
-579997
-203043
664873
522408
636988
-677953
-105146
29881
-14336
-455543
797667
74747
-480330
-91765
-358824
343310
515599
32179
-920581
-235877
-650949
971359
294160
266477
-96280
648019
-521396
-764231
447448
147782
-829564
85374
546077
-867945
754039
-985977
299636
315549
-384204
-374130
-982084
-856549
484521
521339
-396399
-241325
743114
-669239
75530
-742863
941786
135690
958219
624424
710233
-120959
386887
786330
-109685
744557
37077
258417
-659296
871525
782574
-202421
812677
853854
-637631
-419246
926150
308042
896755
-762327
-198242
10587
13110
-150782
649885
-275611
-659067
312780
-353548
-410782
-488711
886282
-767904
-407281
-691253
448831
-796367
-243277
-725017
-301819
89846
-857473
-259031
-366402
657351
838673
247478
-408351
387503
395923
-688646
896374
950323
-705152
68793
-684003
589187
618887
722388
-374969
560445
-767352
490395
-526584
201176
-745157
-986807
-497787
-428749
-765840
-674784
-978296
-868422
473200
-192350
840498
-787150
828163
295273
-798640
-638813
296587
-816349
3654
147039
320334
812206
-622169
-6990
-89135
-553780
954599
-818776
-299553
473603
8232
714229
-486999
190356
317744
-558331
647303
557973
-994820
46113
756829
-80723
-281618
794298
460568
957548
-267487
-779818
756568
-252219
-979107
837396
42920
-481751
17830
-720163
-440088
387648
33135
-242647
372940
-325946
400748
-798229
-320515
716929
517381
777499
-713123
-569126
-32154
422878
332648
212767
504627
-789037
-107082
-205740
732889
-77700
839708
295858
-913408
711111
-132494
-746563
-521700
437048
756336
-383227
-158557
-947274
654642
-493959
544473
238703
-578469
484706
-169914
-594712
-446251
-712956
712266
-103644
-468810
193612
-890041
-951952
-77890
-533835
883452
784585
-816515
-315202
-902670
-698133
191122
58368
-467186
432760
-491507
-437266
271559
-160447
857206
83374
290290
-991181
790247
279310
283833
231777
-482220
-417116
243499
-888791
-744597
-606713
-792595
-713466
-836714
-730972
-911987
298866
850462
-588611
28023
873462
-783255
-503804
-879360
682575
-961308
759888
110752
-210370
108668
679290
603709
968813
526277
-836521
638626
-342919
-806850
516305
-311154
-968544
-889556
126756
415977
-611576
-809182
-205390
133522
919594
425506
448388
684243
-757031
-96418
308958
-561802
-7053
147735
179454
-205071
-938333
-387417
634993
679996
-703024
-714087
557713
475331
-47579
-819210
-46178
480119
-435522
52891
-38920
706431
-985620
-361531
-252298
146445
121765
904367
165223
-658997
-946165
-491822
603427
680307
75799
-62901
-242356
-999682
581218
220891
327846
-339084
828816
111240
178320
656354
-394151
60000
-627425
89322
-241995
974173
29398
450804
-505821
811236
-822653
38019
-216041
566376
-408520
-735454
404222
-541780
46693
-212484
990703
885285
992911
-930037
-277649
774909
-640721
-723351
-542751
271668
-810839
474818
-40440
598113
166631
288491
-884294
-647529
539666
-724213
-103132
-194590
478573
-738057
-158540
-165263
634190
506140
-525657
-313651
525881
941333
-259921
-103737
-325734
664029
747328
-461967
998559
-910690
-45705
865858
825264
-504280
455463
323805
255628
250365
-932478
-546709
965249
-87287
148065
525860
841031
-439057
911664
506477
-296710
-224898
-72711
-121572
948403
483778
595723
153047
-870334
310327
-704825
265754
-153719
276121
-808058
-139561
-867976
-685481
433962
656823
802976
173221
-441408
-48641
-889866
465840
419919
760590
853671
58477
476992
-964606
323602
903947
-593047
-367237
891879
-513273
-258120
877943
834394
-272291
915704
-247076
139267
-116644
497091
-143595
-372779
327827
-524411
-304300
72888
-508185
243880
715637
725190
62790
-300959
701571
105375
790262
-796394
-782637
24170
941831
744043
-982578
-507288
-992793
682344
94157
-205770
-532076
299592
665501
307871
652652
-405023
259617
-306917
-996704
165035
980119
-152087
-263609
415854
-147853
-902844
-429553
-856564
-509849
556101
-870002
-796824
-234876
410324
3638
-257166
-347014
667980
279911
349649
-261
-645973
-669665
102955
300478
-276238
-100148
-568044
-853728
374815
-354750
-340336
682340
214213
-211512
890695
-410213
606917
-888755
166468
176031
773163
138552
110313
514361
865959
-546979
774131
513507
-38490
112011
-989018
120871
-571764
193218
-309995
630310
732816
802690
-511344
-336716
294709
-824130
-581206
-834271
-256159
-280592
692965
-92397
842268
579526
-886404
-782834
-643738
-774406
-642227
-226026
-45132
-413633
883554
900076
821385
313303
-91109
-536973
927918
-996543
313593
791862
747662
-95472
-994807
-458109
136240
-104233
-648085
128943
-987951
-654399
280574
-158467
-869091
-394563
-104918
-57702
5642
865494
914505
52927
-965935
-931040
156978
67193
-916598
263246
698724
-140283
773220
215521
468556
343509
-309250
961531
696755
564399
-821660
678354
-839609
-719243
-357591
595648
404676
-885633
-437475
-579210
-403009
-27356
550059
76625
286863
284120
-564654
-258747
666712
-945553
-793922
546037
-477259
-1024
69634
-578459
330114
-65948
595188
489543
-200509
-659618
268838
-627471
549044
-817707
-927492
-53008
157037
-874948
-921745
688822
-984526
-295662
-898467
922222
753749
359429
-461302
20721
191176
138290
777015
108112
-471869
-65145
287965
-52975
-216690
-162102
-640122
-345608
-262420
-611150
-955703
926586
631204
-190797
847456
805079
-962131
-425
-16153
-313152
-732555
684616
366131
-676301
-389810
-609302
185037
248680
966261
489125
-647414
-287389
988993
-494400
-293816
23210
-978843
-228759
825927
894609
-493855
980817
39969
204081
269067
-326284
313831
788727
792886
-417034
-535206
132696
226428
-565719
950723
313762
-485970
-430677
693360
-72978
242900
30253
536267
-829006
-258590
-377650
371352
-427789
348282
-327387
-574390
371223
-193832
-483234
-51965
-250152
443999
-111365
612519
-911275
819901
107324
-409444
-897597
198333
974618
-206944
-267200
-675287
333548
-848186
-649144
843609
-694099
775822
-481216
836956
817365
159904
19760
-93886
-751901
-814683
-333682
699013
951932
864066
-980939
725650
-176083
-378958
150901
115703
604749
320767
-179389
128042
-461058
620509
-282095
-856717
650706
666019
-548807
557943
780041
-19097
-515182
-458013
-42887
70580
557221
-749263
415495
882794
-756742
-307174
272849
-350925
-410869
-228968
934126
-92642
14170
-494953
225229
-483111
-555874
-176073
537658
630287
-266727
-704576
-909185
-373412
876933
-528477
595239
924905
257452
-510039
535005
-31447
-758121
-311237
-323340
-735953
253790
315852
185216
-720215
30878
824295
-664927
-242947
-59639
926288
-445856
406782
-347240
-319526
224305
100171
942299
417605
982424
-262332
-589200
-702511
-950295
918186
675090
-336797
-871001
594898
350281
145747
159886
257926
41407
23504
140461
314489
-982733
-753551
-736086
-460956
51847
351960
-969047
505665
364147
-810107
164168
-361053
441180
-382923
-574783
711856
820799
445300
312371
716477
